       0        0        0        0        0        0        0        0        0        0        0 0.000115628 0.0423489 -0.0782546 -0.270095 -0.000115628 -1.78328e-17 -0.0638946 -0.54019 0.00257976 0.0032228 -0.0423489 0.0638946 8.93627e-17 0.00210636 0.274797 0.0396323 -0.193675 0.0782546  0.54019 -0.00210636 -8.98626e-17 0.00644637 -0.237202 -1.15081e-12 -1.27766e-28 0.270095 -0.00257976 -0.274797 -0.00644637 -1.34853e-16 -5.75406e-13        0        0        0
      -0       -0       -0       -0       -0       -0       -0       -0       -0       -0       -0 -0.0452851 0.110964 -0.246874 0.0165863 0.0452851 1.34717e-16 -0.201571 0.0331726 -0.000338407 -0.82351 -0.110964 0.201571 -2.4466e-17 -0.000276308 -0.0326058 -0.291488 -0.00646654 0.246874 -0.0331726 0.000276308 7.26986e-18 0.000968326 -0.00791986 3.63953e-16 4.04069e-32 -0.0165863 0.000338407 0.0326058 -0.000968326 1.59986e-17 1.81977e-16       -0       -0       -0
       0        0        0        0        0        0        0        0        0        0        0 -0.00130817 0.0712363 -0.02874 0.143721 0.00130817 -1.86523e-17 -0.0234661 0.287441 0.00271437 0.00556019 -0.0712363 0.0234661 -3.35709e-16 0.00221627 0.615922 0.0676226 -0.070339  0.02874 -0.287441 -0.00221627 -8.08034e-17 -0.0490977 -0.0861473 6.47089e-13 7.18413e-29 -0.143721 -0.00271437 -0.615922 0.0490977 -3.02174e-16 3.23545e-13        0        0        0
       0        0        0        0        0        0        0        0        0        0        0        0 -0.000926082 6.15138e-06 -0.00990103        0 -3.79471e-19 5.02258e-06 -0.0198021 -0.273593 -0.000123695 0.000926082 -5.02258e-06 8.23304e-17 -0.223387 -0.0360066 -0.000565417 -0.00698205 -6.15138e-06 0.0198021 0.223387 -6.89926e-18 -0.611062 -0.00855123 1.38263e-10 1.53502e-26 0.00990103 0.273593 0.0360066 0.611062 1.84495e-17 6.91313e-11        0        0        0
       0        0        0        0        0        0        0        0        0        0        0 0.00512976 -0.311535 -0.0314857 -0.0638753 -0.00512976 1.10566e-16 -0.025708 -0.127751 0.0027494 -0.0751036 0.311535 0.025708 3.33103e-17 0.00224487 0.184461 -0.0444806 0.523681 0.0314857 0.127751 -0.00224487 -7.88409e-17 -0.0147258 0.641375 -8.02259e-14 -8.90686e-30 0.0638753 -0.0027494 -0.184461 0.0147258 -9.04973e-17 -4.01129e-14        0        0        0
       0        0        0        0        0        0        0        0        0        0        0 0.444586 -0.0272914 0.343991 -0.0183898 -0.444586 2.32034e-17 0.280867 -0.0367795 0.00526449 -0.437202 0.0272914 -0.280867 -7.19844e-18 0.00429844 0.0444687 0.0864757 -0.032681 -0.343991 0.0367795 -0.00429844 -7.19365e-18 -0.0045408 -0.0400259 -3.22702e-15 -3.58271e-31 0.0183898 -0.00526449 -0.0444687 0.0045408 -2.18153e-17 -1.61351e-15        0        0        0
      -0       -0       -0       -0       -0 -0.632456       -0 -0.774597       -0       -0       -0       -0       -0       -0       -0       -0       -0       -0       -0       -0       -0       -0       -0       -0       -0       -0       -0       -0       -0       -0       -0       -0       -0       -0       -0       -0       -0       -0       -0       -0       -0       -0       -0       -0       -0
      -0       -0       -0       -0 -0.894427 -9.93014e-17 -0.447214       -0       -0       -0       -0       -0       -0       -0       -0       -0       -0       -0       -0       -0       -0       -0       -0       -0       -0       -0       -0       -0       -0       -0       -0       -0       -0       -0       -0       -0       -0       -0       -0       -0       -0       -0       -0       -0       -0
       0        0        0        0        0        0        0        0        0        0        0 -0.00362391 0.0375918 -0.00753197 -0.00605903 0.00362391 -1.2562e-17 -0.00614983 -0.0121181 0.472857 -0.00121483 -0.0375918 0.00614983 -3.84949e-17 0.386086 -0.0302943 0.0528674 0.0134193 0.00753197 0.0121181 -0.386086 1.93626e-17 -0.350853 0.0164352 -4.59131e-13 -5.09737e-29 0.00605903 -0.472857 0.0302943 0.350853 1.5314e-17 -2.29565e-13        0        0        0
      -0       -0 -0.632456 -0.774597       -0       -0       -0       -0       -0       -0       -0       -0       -0       -0       -0       -0       -0       -0       -0       -0       -0       -0       -0       -0       -0       -0       -0       -0       -0       -0       -0       -0       -0       -0       -0       -0       -0       -0       -0       -0       -0       -0       -0       -0       -0
       0        0        0        0        0        0        0        0        0        0        0        0        0        0        0        0        0        0        0        0        0        0        0        0        0        0        0        0        0        0        0        0        0        0        0 -0.632456        0        0        0        0        0       -0 -0.774597       -0       -0
       0        0        0        0        0        0        0        0        0        0        0 0.544296 -0.0247746 -0.31265 0.0209677 -0.544296 -1.16338e-17 -0.255278 0.0419354 -0.000216257 0.266068 0.0247746 0.255278 6.01857e-18 -0.000176573 -0.0445517 -0.0348806 -0.00422935  0.31265 -0.0419354 0.000176573 7.69957e-18 0.00116979 -0.00517987 3.65686e-16 4.05993e-32 -0.0209677 0.000216257 0.0445517 -0.00116979 2.18603e-17 1.82843e-16        0        0        0
       0        1        0        0        0        0        0        0        0        0        0        0        0        0        0        0        0        0        0        0        0        0        0        0        0        0        0        0        0        0        0        0        0        0        0        0        0        0        0        0        0        0        0        0        0
       0        0        0        0        0        0        0        0        0        0        0 -0.0504885 -0.616217 -0.0335583 0.0324591 0.0504885 1.73936e-16 -0.0274002 0.0649182 0.0295265 -0.0884131 0.616217 0.0274002 -5.97932e-17 0.0241083 -0.00744586 -0.0732051 -0.285824 0.0335583 -0.0649182 -0.0241083 2.58358e-17 -0.0191658 -0.350062 -4.11996e-14 -4.57407e-30 -0.0324591 -0.0295265 0.00744586 0.0191658 3.67822e-18 -2.05998e-14        0        0        0
       0        0        0        0        0        0        0        0        1        0        0        0        0        0        0        0        0        0        0        0        0        0        0        0        0        0        0        0        0        0        0        0        0        0        0        0        0        0        0        0        0        0        0        0        0
       1        0        0        0        0        0        0        0        0        0        0        0        0        0        0        0        0        0        0        0        0        0        0        0        0        0        0        0        0        0        0        0        0        0        0        0        0        0        0        0        0        0        0        0        0
       0        0        0        0        0        0        0        0        0        1        0        0        0        0        0        0        0        0        0        0        0        0        0        0        0        0        0        0        0        0        0        0        0        0        0        0        0        0        0        0        0        0        0        0        0
       0        0        0        0        0        0        0        0        0        0        0        0 -1.1016e-13 8.36382e-14 -1.07051e-12        0 9.40521e-17 6.8673e-14 -2.14304e-12 -4.25396e-11 -1.34364e-14 1.09997e-13 -6.8631e-14 -4.16031e-18 -3.47325e-11 -5.47684e-12 -7.91438e-14 -9.20872e-13 -8.36402e-14 2.14307e-12 3.47325e-11 -3.38181e-17 -9.43202e-11 -1.12822e-12 -0.894427 -9.93014e-17 1.07058e-12 4.25395e-11 5.47676e-12 9.43202e-11 2.70617e-16 -0.447214        0        0        0
       0        0        0        0        0        0        0        0        0        0        0        0        0        0        0        0        0        0        0        0        0        0        0        0        0        0        0        0        0        0        0        0        0        0        0        0        0        0        0        0        0        0        0        1        0
       0        0        0        0        0        0        0        0        0        0        0        0        0        0        0        0        0        0        0        0        0        0        0        0        0        0        0        0        0        0        0        0        0        0        0        0        0        0        0        0        0        0        0        0        1
       0        0        0        0        0        0        0        0        0        0        0 0.0380028 0.0356258 0.117684 -0.00847095 -0.0380028 4.28879e-17 0.0960887 -0.0169419 0.0251389 0.215392 -0.0356258 -0.0960887 -1.51768e-16 0.0205258 0.0616935 -0.943432 -0.0157747 -0.117684 0.0169419 -0.0205258 -7.33929e-18 -0.0211202 -0.01932 -2.89641e-14 -3.21566e-30 0.00847095 -0.0251389 -0.0616935 0.0211202 -3.02464e-17 -1.4482e-14        0        0        0
       0        0        0        0 -0.447214 1.98603e-16 0.894427        0        0        0        0        0        0        0        0        0        0        0        0        0        0        0        0        0        0        0        0        0        0        0        0        0        0        0        0        0        0        0        0        0        0        0        0        0        0
       0        0        0        0        0        0        0        0        0        0        0        0 1.51656e-43 -1.16801e-14 0.581513        0 2.07531e-45 5.7237e-15 -0.290756 -0.00431776 4.17083e-46 -4.42058e-43 -5.71952e-15 9.05219e-17 0.00528816 2.45787e-15 3.12372e-20 0.304481 1.10895e-14 0.290756 -0.00528816 -1.81968e-16 -9.14036e-16 -0.248608 1.18141e-15 1.31157e-31 -0.581513 0.00431776 -2.16848e-15 8.57888e-16 -5.06966e-31 5.90704e-16        0        0        0
      -0       -0       -0       -0       -0       -0       -0       -0       -0       -0       -0       -0       -0 -2.3989e-29 -0.00664081       -0       -0 3.19156e-30 0.0033204 -0.447189       -0       -0 -7.5303e-30 -5.50466e-16 0.547692 -1.05471e-15 -1.26338e-33 1.25778e-15 3.16411e-29 -0.0033204 -0.547692 -2.77556e-17 8.09009e-15 -2.13414e-15 8.75652e-16 9.69562e-32 0.00664081 0.447189 1.16573e-15 -8.68554e-15 1.03045e-29 4.41292e-16       -0       -0       -0
       0        0        0        0        0        0        0        0        0        0        0        0        0        0        0        0        0        0        0        0        0        0        0        0        0        0        0        0        0        0        0        0 -4.89367e-27        0 -0.447214 1.98603e-16        0        0 1.62221e-28 4.48854e-27 -4.58172e-16 0.894427        0        0        0
       0        0        0        0        0        0        0        0        0        0        0        0        0        0        0        0        0        0        0        0        0        0        0        0        0        0        0        0        0        0        0        0        0        0        0 -0.774597        0        0        0        0        0        0 0.632456        0        0
       0        0        0        0        0 -0.774597        0 0.632456        0        0        0        0        0        0        0        0        0        0        0        0        0        0        0        0        0        0        0        0        0        0        0        0        0        0        0        0        0        0        0        0        0        0        0        0        0
       0        0        0        0        0        0        0        0        0        0        0        0 -5.34004e-28 -0.390755 -0.120908        0 2.51695e-31 0.478575 0.0604542 0.000897752 2.88501e-29 4.88666e-28 -0.478575 -2.6273e-17 -0.00109952 -8.4745e-15 -5.11691e-15 0.346413 0.390755 -0.0604542 0.00109952 9.90312e-18 2.41583e-16 -0.282845 1.8952e-16 1.4878e-32 0.120908 -0.000897752 8.39807e-15 1.3056e-16 -1.27821e-30 6.70045e-17        0        0        0
       0        0 -0.774597 0.632456        0        0        0        0        0        0        0        0        0        0        0        0        0        0        0        0        0        0        0        0        0        0        0        0        0        0        0        0        0        0        0        0        0        0        0        0        0        0        0        0        0
       0        0        0        0        0        0        0        0        0        0        0        0 1.62531e-15 -0.217511  0.21721        0 -9.6992e-19 0.266395 -0.108605 -0.0016128 -7.08852e-15 -1.48216e-15 -0.266395 3.51248e-17 0.00197527 4.8661e-15 9.54565e-15 -0.622326 0.217511 0.108605 -0.00197527 -2.42051e-17 2.61861e-16 0.508127 4.29056e-16 4.76348e-32 -0.21721 0.0016128 -4.76916e-15 4.03241e-16 -1.22679e-29 2.14528e-16        0        0        0
      -0       -0       -0       -0       -0       -0       -0       -0       -0       -0       -0       -0       -0 7.84042e-28 0.318175       -0       -0 1.17774e-29 0.159088 -0.0369444       -0       -0 9.73633e-30 -0.318175 0.0150825 -0.428449 3.32634e-33 6.38521e-17 7.56765e-28 0.159088 0.0150825 0.524741 1.76881e-15 -1.08916e-16 7.25756e-17 1.07064e-32 0.318175 -0.0369444 -0.428449 1.82626e-15 -2.10243e-16 2.81089e-17       -0       -0       -0
       0        0        0        0        0        0        0        0        0        0        0        0        0 -1.05106e-27 -0.426537        0        0 -1.57884e-29 -0.213268 0.0495266        0        0 -1.30522e-29 0.426537 -0.0202192 -0.319602 -4.4592e-33 -8.55982e-17 -1.0145e-27 -0.213268 -0.0202192 0.391431 -2.5539e-15 1.4601e-16 -3.30123e-17 -9.32151e-33 -0.426537 0.0495266 -0.319602 -2.59537e-15 -1.56831e-16 -2.27892e-17        0        0        0
      -0       -0       -0       -0       -0       -0       -0       -0       -0       -0       -0       -0 -1.56786e-10 -0.295367 0.0450231       -0 1.92023e-10 0.120583 0.0225115 0.581626 -1.48363e-25 -1.56786e-10 0.120583 -0.0450231 -0.237448 2.25989e-14 2.88056e-16 4.42485e-16 -0.295367 0.0225115 -0.237448 -2.79298e-14 -1.26546e-14 -3.49116e-16 -2.74861e-17 -3.7186e-33 0.0450231 0.581626 2.24976e-14 -1.3476e-14 3.98105e-28 -1.3706e-17       -0       -0       -0
       0        0        0        0        0        0        0        0        0        0        0        0 4.07556e-08 -0.584234 -0.022762        0 -4.99152e-08 0.238513 -0.011381 -0.294049 3.86816e-23 4.07556e-08 0.238513 0.022762 0.120045 -1.12653e-14 1.27373e-16 -6.20928e-16 -0.584234 -0.011381 0.120045 1.41689e-14 -5.13318e-15 -4.17191e-16 1.15258e-17 1.63855e-33 -0.022762 -0.294049 -1.14744e-14 -4.71775e-15 1.41266e-28 5.84097e-18        0        0        0
       0        0        0        0        0        0        0        0        0        0        0        0 0.534522 4.44593e-08 1.74873e-09        0 -0.654654 -1.81504e-08 8.74367e-10 2.25909e-08 5.0731e-16 0.534522 -1.81504e-08 -1.74873e-09 -9.22268e-09 1.41664e-16 -5.81543e-17 -8.57117e-17 4.44593e-08 8.74367e-10 -9.22268e-09 7.03211e-19 -4.59506e-17 -1.99389e-16 3.72966e-17 2.11852e-33 1.74873e-09 2.25909e-08 -1.41371e-16 -3.90534e-17 1.09739e-30 1.01915e-17        0        0        0
       0        0        0        0        0        0        0        0        0        0        0 0.707107 -4.56892e-17 -4.4439e-17 -1.15783e-17 0.707107 8.24611e-18 -5.69298e-17 4.32795e-18 -9.08442e-18 8.49677e-17 1.00965e-16 -8.74577e-18 -1.97837e-18 -4.46831e-19 -4.2187e-18 1.33356e-16 -1.93266e-17 1.00187e-16 -2.91849e-18 1.6835e-18 -4.16308e-19 5.25884e-18 4.99697e-17 -1.70369e-30 -7.96711e-47 1.69451e-17 -5.54892e-18 6.57684e-18 1.72072e-18 -1.01102e-31 -3.58807e-31        0        0        0
       0        0        0        0        0        0        0        0        0        0        0        0 1.70191e-06 6.2362e-05 -0.117206        0 2.7792e-06 0.000152755 -0.468825 0.035642 2.67494e-20 1.70191e-06 0.000152755 -0.703238 0.0873047 0.0305489 -1.45165e-17 3.82975e-18 6.2362e-05 -0.468825 0.0873047 0.0498861 0.0901306 1.67166e-16 1.2167e-18 1.04407e-33 -0.117206 0.035642 0.0305489 0.0901306 -2.6533e-15 1.24073e-18        0        0        0
      -0       -0       -0       -0       -0       -0       -0       -0       -0       -0       -0       -0       -0       -0       -0       -0       -0       -0       -0       -0       -0       -0       -0       -0       -0       -0       -0       -0       -0       -0       -0       -0 1.4803e-14       -0 3.87316e-17 1.17615e-31       -0       -0 -4.90706e-16 1.48017e-14        1 5.2969e-16       -0       -0       -0
       0        0        0        0        0        0        0        0        0        0        0        0 0.000754987 0.0284374 0.00337364        0 0.00123289 0.0696572 0.0134946 0.210271 1.22325e-17 0.000754987 0.0696572 0.0202419 0.515056 0.00103302 -7.17973e-17 6.37794e-16 0.0284374 0.0134946 0.515056 0.00168692 -0.429465 2.11945e-16 -9.29039e-18 -1.02028e-33 0.00337364 0.210271 0.00103302 -0.429465 1.27147e-14 -4.59524e-18        0        0        0
       0        0        0        0        0        0        0        0        0        0        1        0        0        0        0        0        0        0        0        0        0        0        0        0        0        0        0        0        0        0        0        0        0        0        0        0        0        0        0        0        0        0        0        0        0
       0        0        0        0        0        0        0        0        0        0        0        0 1.34741e-07 5.78008e-06 0.00781207        0 2.20031e-07 1.41583e-05 0.0312483 -0.00233713 2.60228e-21 1.34741e-07 1.41583e-05 0.0468724 -0.00572477 0.461898 9.54597e-19 -1.38685e-19 5.78008e-06 0.0312483 -0.00572477 0.754276 -0.00326704 -1.10983e-17 -8.8614e-17 -6.68438e-33 0.00781207 -0.00233713 0.461898 -0.00326704 3.23376e-16 -3.50417e-17        0        0        0
       0        0        0        0        0        0        0        0        0        0        0        0 -0.00616373 -0.265607 0.000970539        0 -0.0100653  -0.6506 0.00388216 0.0271591 -1.20545e-16 -0.00616373  -0.6506 0.00582323 0.0665259 8.57178e-05 6.58522e-18 2.44178e-17 -0.265607 0.00388216 0.0665259 0.000139977 -0.0297879 -1.50675e-16 -1.35915e-18 -1.51642e-34 0.000970539 0.0271591 8.57178e-05 -0.0297879 8.81903e-16 -6.80415e-19        0        0        0
       0        0        0        0        0        0        0        0        0        0        0        0 -0.462868 0.00358629 5.48691e-07        0 -0.755861 0.00878458 2.19476e-06 4.26163e-05 -4.91677e-16 -0.462868 0.00878458 3.29214e-06 0.000104388 2.34793e-07 -2.42853e-17 6.94328e-17 0.00358629 2.19476e-06 0.000104388 3.83416e-07 -9.01562e-05 2.04314e-16 -1.85288e-21 -1.93957e-37 5.48691e-07 4.26163e-05 2.34793e-07 -9.01562e-05 2.66916e-18 -9.13207e-22        0        0        0
       0        0        0        0        0        0        0        0        0        0        0        0 -0.000178363 -0.00775882 -0.0217953        0 -0.000291266 -0.0190051 -0.0871812 -0.158749 -3.54683e-18 -0.000178363 -0.0190051 -0.130772 -0.388854 0.00144159 1.01971e-15 -3.78195e-16 -0.00775882 -0.0871812 -0.388854 0.00235411 -0.553659 5.25306e-16 6.44702e-18 7.73658e-34 -0.0217953 -0.158749 0.00144159 -0.553659 1.63916e-14 3.44756e-18        0        0        0
       0        0        0        0        0        0        0        0        0        0        0        0        0 -7.88462e-37 -0.447214        0        0 -1.90746e-38 0.447214 -1.83996e-17        0        0 4.93231e-39 -0.447214 -2.02183e-16 -6.49161e-17 -9.80339e-43 2.2405e-18 -4.79669e-36 0.447214 1.45119e-16 1.3515e-16 -1.32701e-16 -3.78564e-16 2.332e-18 2.58147e-34 -0.447214 -3.27222e-17 -4.8653e-17 -7.19937e-17 3.45089e-30 1.13956e-18        0        0        0
