   4.735        0        0        0        0        0        0        0        0        0        0        0        0        0        0        0        0        0        0        0        0        0        0        0        0        0        0        0        0        0        0        0        0        0        0        0        0        0        0        0        0        0        0        0        0
       0    4.735        0        0        0        0        0        0        0        0        0        0        0        0        0        0        0        0        0        0        0        0        0        0        0        0        0        0        0        0        0        0        0        0        0        0        0        0        0        0        0        0        0        0        0
       0        0     4.78 -0.0367423        0        0        0        0        0        0        0        0        0        0        0        0        0        0        0        0        0        0        0        0        0        0        0        0        0        0        0        0        0        0        0        0        0        0        0        0        0        0        0        0        0
       0        0 -0.0367423    4.765        0        0        0        0        0        0        0        0        0        0        0        0        0        0        0        0        0        0        0        0        0        0        0        0        0        0        0        0        0        0        0        0        0        0        0        0        0        0        0        0        0
       0        0        0        0     4.75        0    -0.03        0        0        0        0        0        0        0        0        0        0        0        0        0        0        0        0        0        0        0        0        0        0        0        0        0        0        0        0        0        0        0        0        0        0        0        0        0        0
       0        0        0        0        0     4.78        0 -0.0367423        0        0        0        0        0        0        0        0        0        0        0        0        0        0        0        0        0        0        0        0        0        0        0        0        0        0        0        0        0        0        0        0        0        0        0        0        0
       0        0        0        0    -0.03        0    4.795        0        0        0        0        0        0        0        0        0        0        0        0        0        0        0        0        0        0        0        0        0        0        0        0        0        0        0        0        0        0        0        0        0        0        0        0        0        0
       0        0        0        0        0 -0.0367423        0    4.765        0        0        0        0        0        0        0        0        0        0        0        0        0        0        0        0        0        0        0        0        0        0        0        0        0        0        0        0        0        0        0        0        0        0        0        0        0
       0        0        0        0        0        0        0        0    4.735        0        0        0        0        0        0        0        0        0        0        0        0        0        0        0        0        0        0        0        0        0        0        0        0        0        0        0        0        0        0        0        0        0        0        0        0
       0        0        0        0        0        0        0        0        0    4.735        0        0        0        0        0        0        0        0        0        0        0        0        0        0        0        0        0        0        0        0        0        0        0        0        0        0        0        0        0        0        0        0        0        0        0
       0        0        0        0        0        0        0        0        0        0    6.545        0        0        0        0        0        0        0        0        0        0        0        0        0        0        0        0        0        0        0        0        0        0        0        0        0        0        0        0        0        0        0        0        0        0
       0        0        0        0        0        0        0        0        0        0        0     5.64        0        0        0    0.905        0        0        0        0        0        0        0        0        0        0        0        0        0        0        0        0        0        0        0        0        0        0        0        0        0        0        0        0        0
       0        0        0        0        0        0        0        0        0        0        0        0     5.63        0        0        0 0.0122474        0        0        0        0    0.895        0        0        0        0        0        0        0        0        0        0        0        0        0        0        0        0        0        0        0        0        0        0        0
       0        0        0        0        0        0        0        0        0        0        0        0        0     5.64        0        0        0 -0.0122474        0        0        0        0 0.0244949        0        0        0        0        0    0.875        0        0        0        0        0        0        0        0        0        0        0        0        0        0        0        0
       0        0        0        0        0        0        0        0        0        0        0        0        0        0    6.545        0        0        0   -0.905        0        0        0        0    0.895        0        0        0        0        0   -0.875        0        0        0        0        0        0     1.75        0        0        0        0        0        0        0        0
       0        0        0        0        0        0        0        0        0        0        0    0.905        0        0        0     5.64        0        0        0        0        0        0        0        0        0        0        0        0        0        0        0        0        0        0        0        0        0        0        0        0        0        0        0        0        0
       0        0        0        0        0        0        0        0        0        0        0        0 0.0122474        0        0        0     6.53        0        0        0        0 0.0122474        0        0        0        0        0        0        0        0        0        0        0        0        0        0        0        0        0        0        0        0        0        0        0
       0        0        0        0        0        0        0        0        0        0        0        0        0 -0.0122474        0        0        0     5.66        0        0        0        0     0.88        0        0        0        0        0 0.0244949        0        0        0        0        0        0        0        0        0        0        0        0        0        0        0        0
       0        0        0        0        0        0        0        0        0        0        0        0        0        0   -0.905        0        0        0     6.53        0        0        0        0    -0.88        0        0        0        0        0     1.78        0        0        0        0        0        0   -0.875        0        0        0        0        0        0        0        0
       0        0        0        0        0        0        0        0        0        0        0        0        0        0        0        0        0        0        0     5.64        0        0        0        0 -0.0122474        0        0        0        0        0 0.0244949        0        0        0        0        0        0    0.875        0        0        0        0        0        0        0
       0        0        0        0        0        0        0        0        0        0        0        0        0        0        0        0        0        0        0        0    4.735        0        0        0        0        0        0        0        0        0        0        0        0        0        0        0        0        0        0        0        0        0        0        0        0
       0        0        0        0        0        0        0        0        0        0        0        0    0.895        0        0        0 0.0122474        0        0        0        0     5.63        0        0        0        0        0        0        0        0        0        0        0        0        0        0        0        0        0        0        0        0        0        0        0
       0        0        0        0        0        0        0        0        0        0        0        0        0 0.0244949        0        0        0     0.88        0        0        0        0     5.66        0        0        0        0        0 -0.0122474        0        0        0        0        0        0        0        0        0        0        0        0        0        0        0        0
       0        0        0        0        0        0        0        0        0        0        0        0        0        0    0.895        0        0        0    -0.88        0        0        0        0     7.42        0        0        0        0        0    -0.88        0        0        0        0        0        0    0.895        0        0        0        0        0        0        0        0
       0        0        0        0        0        0        0        0        0        0        0        0        0        0        0        0        0        0        0 -0.0122474        0        0        0        0     5.66        0        0        0        0        0     0.88        0        0        0        0        0        0 0.0244949        0        0        0        0        0        0        0
       0        0        0        0        0        0        0        0        0        0        0        0        0        0        0        0        0        0        0        0        0        0        0        0        0     5.63        0        0        0        0        0 0.0122474        0        0        0        0        0        0    0.895        0        0        0        0        0        0
       0        0        0        0        0        0        0        0        0        0        0        0        0        0        0        0        0        0        0        0        0        0        0        0        0        0    4.735        0        0        0        0        0        0        0        0        0        0        0        0        0        0        0        0        0        0
       0        0        0        0        0        0        0        0        0        0        0        0        0        0        0        0        0        0        0        0        0        0        0        0        0        0        0     4.78        0        0        0        0        0 -0.0367423        0        0        0        0        0        0        0        0        0        0        0
       0        0        0        0        0        0        0        0        0        0        0        0        0    0.875        0        0        0 0.0244949        0        0        0        0 -0.0122474        0        0        0        0        0     5.64        0        0        0        0        0        0        0        0        0        0        0        0        0        0        0        0
       0        0        0        0        0        0        0        0        0        0        0        0        0        0   -0.875        0        0        0     1.78        0        0        0        0    -0.88        0        0        0        0        0     6.53        0        0        0        0        0        0   -0.905        0        0        0        0        0        0        0        0
       0        0        0        0        0        0        0        0        0        0        0        0        0        0        0        0        0        0        0 0.0244949        0        0        0        0     0.88        0        0        0        0        0     5.66        0        0        0        0        0        0 -0.0122474        0        0        0        0        0        0        0
       0        0        0        0        0        0        0        0        0        0        0        0        0        0        0        0        0        0        0        0        0        0        0        0        0 0.0122474        0        0        0        0        0     6.53        0        0        0        0        0        0 0.0122474        0        0        0        0        0        0
       0        0        0        0        0        0        0        0        0        0        0        0        0        0        0        0        0        0        0        0        0        0        0        0        0        0        0        0        0        0        0        0     5.64        0        0        0        0        0        0    0.905        0        0        0        0        0
       0        0        0        0        0        0        0        0        0        0        0        0        0        0        0        0        0        0        0        0        0        0        0        0        0        0        0 -0.0367423        0        0        0        0        0    4.765        0        0        0        0        0        0        0        0        0        0        0
       0        0        0        0        0        0        0        0        0        0        0        0        0        0        0        0        0        0        0        0        0        0        0        0        0        0        0        0        0        0        0        0        0        0     4.75        0        0        0        0        0        0    -0.03        0        0        0
       0        0        0        0        0        0        0        0        0        0        0        0        0        0        0        0        0        0        0        0        0        0        0        0        0        0        0        0        0        0        0        0        0        0        0     4.78        0        0        0        0        0        0 -0.0367423        0        0
       0        0        0        0        0        0        0        0        0        0        0        0        0        0     1.75        0        0        0   -0.875        0        0        0        0    0.895        0        0        0        0        0   -0.905        0        0        0        0        0        0    6.545        0        0        0        0        0        0        0        0
       0        0        0        0        0        0        0        0        0        0        0        0        0        0        0        0        0        0        0    0.875        0        0        0        0 0.0244949        0        0        0        0        0 -0.0122474        0        0        0        0        0        0     5.64        0        0        0        0        0        0        0
       0        0        0        0        0        0        0        0        0        0        0        0        0        0        0        0        0        0        0        0        0        0        0        0        0    0.895        0        0        0        0        0 0.0122474        0        0        0        0        0        0     5.63        0        0        0        0        0        0
       0        0        0        0        0        0        0        0        0        0        0        0        0        0        0        0        0        0        0        0        0        0        0        0        0        0        0        0        0        0        0        0    0.905        0        0        0        0        0        0     5.64        0        0        0        0        0
       0        0        0        0        0        0        0        0        0        0        0        0        0        0        0        0        0        0        0        0        0        0        0        0        0        0        0        0        0        0        0        0        0        0        0        0        0        0        0        0    6.545        0        0        0        0
       0        0        0        0        0        0        0        0        0        0        0        0        0        0        0        0        0        0        0        0        0        0        0        0        0        0        0        0        0        0        0        0        0        0    -0.03        0        0        0        0        0        0    4.795        0        0        0
       0        0        0        0        0        0        0        0        0        0        0        0        0        0        0        0        0        0        0        0        0        0        0        0        0        0        0        0        0        0        0        0        0        0        0 -0.0367423        0        0        0        0        0        0    4.765        0        0
       0        0        0        0        0        0        0        0        0        0        0        0        0        0        0        0        0        0        0        0        0        0        0        0        0        0        0        0        0        0        0        0        0        0        0        0        0        0        0        0        0        0        0    4.735        0
       0        0        0        0        0        0        0        0        0        0        0        0        0        0        0        0        0        0        0        0        0        0        0        0        0        0        0        0        0        0        0        0        0        0        0        0        0        0        0        0        0        0        0        0    4.735
