0 4.078 0.448 -0.192 8.702 -8.702 -8.702 23.828 -8.702 8.702 0.448 0.448 -0.192 -0.192 8.702 8.702 8.702 -8.702 -8.702 -8.702 -8.702 -0.192 -0.192 8.702 4.078 4.078 4.078 4.078 4.078 4.078 -0.448 -0.448 -0.448 -0.448 -0.448 -0.448 4.078 8.702 8.702 8.702 8.702 8.702 8.702 8.702 8.702 4.078 
0.1 23.8515 -8.88954 -8.48938 -8.72293 -8.72293 4.19202 3.98264 4.02142 4.10478 4.10043 -0.567571 -0.0577208 -0.142787 -0.269702 -0.191981 -0.193346 -0.434537 -0.406984 0.407726 0.448203 0.448203 -0.529871 -0.421703 -0.355797 8.9072 8.90265 8.59488 8.64006 8.69685 8.69685 8.59452 8.63893 8.69696 8.69696 4.078 4.078 4.078 -8.702 -8.702 -8.702 4.078 8.702 8.702 8.702 8.702 
0.2 23.882 -9.08174 -8.28501 -8.74421 -8.74421 4.31437 3.89385 3.96779 4.12738 4.12738 -0.742282 0.118616 -0.106632 -0.463932 -0.299085 -0.191962 -0.194405 -0.402564 -0.611484 0.356049 0.462764 0.446926 -0.269443 -0.397547 9.1326 9.11394 8.50218 8.57627 8.69122 8.69122 8.50087 8.57182 8.69163 8.69163 -8.702 -8.702 -8.702 4.078 4.078 4.078 4.078 8.702 8.702 8.702 8.702 
0.3 23.9197 -9.27853 -8.08887 -8.76589 -8.76589 9.3784 9.33569 4.44213 3.81085 3.91774 4.15236 4.15236 8.42716 8.50685 8.68508 8.68508 8.42504 8.4965 8.68603 8.68603 -0.941751 -0.532862 -0.0848367 -0.39737 -0.311419 -0.69207 -0.195248 -0.191943 0.301729 0.491143 0.446191 0.294333 -0.375322 -0.192369 -8.702 -8.702 -8.702 4.078 4.078 4.078 4.078 8.702 8.702 8.702 8.702 
0.4 23.9648 -9.47981 -7.90091 -8.78807 -8.78807 9.64433 -1.15442 4.57227 3.73264 3.87177 4.17756 4.17756 -0.631508 0.48431 -0.0742595 -0.393232 -0.317881 -0.771056 -0.191925 -0.195927 0.535791 0.445641 0.224842 -0.354837 -0.129236 9.56772 8.38733 8.41367 8.67846 8.67846 8.38986 8.38986 8.68014 8.68014 -8.702 -8.702 8.702 8.702 -8.702 4.078 4.078 4.078 4.078 8.702 8.702 
0.5 24.0176 9.92955 -9.68547 -7.72106 -8.81081 -8.81081 9.80976 8.3394 8.3394 4.70202 3.65811 3.83016 4.20304 4.20304 -1.37638 -0.758456 0.665089 -0.848011 -0.390136 -0.321786 -0.0709331 -0.191906 -0.196482 0.598263 0.445199 0.153479 -0.335923 -0.0875038 8.67136 8.67136 8.32346 8.32346 8.67398 8.67398 -8.702 -8.702 -8.702 4.078 4.078 4.078 4.078 8.702 8.702 8.702 8.702 
0.6 24.0782 -9.89542 10.2328 -7.5492 -8.83418 -8.83418 -1.60587 10.0615 4.8292 3.58612 3.79299 4.22882 4.22882 8.28338 8.28338 0.844088 -0.912901 8.66379 8.66379 8.26141 8.26141 -0.922604 -0.387786 0.678417 0.444837 -0.324364 -0.0716432 -0.191888 -0.196943 0.0980481 -0.318428 -0.0847168 8.66755 8.66755 4.078 4.078 4.078 -8.702 -8.702 -8.702 4.078 8.702 8.702 8.702 8.702 
0.7 24.1472 -10.1095 -7.38522 -8.85828 -8.85828 10.5523 -1.8419 10.3227 -1.09327 4.95222 1.02168 3.51559 3.76013 4.25493 4.25493 8.23211 8.23211 -0.994561 0.774394 -0.385957 -0.326165 -0.0742923 0.444535 -0.19187 -0.19733 0.0809669 -0.30222 -0.141215 8.65581 8.65581 8.20349 8.20349 8.66085 8.66085 -8.702 -8.702 4.078 4.078 4.078 -8.702 8.702 8.702 8.702 4.078 8.702 
0.8 24.2247 -10.3277 10.8862 -8.8832 -8.8832 -7.22897 -2.08375 10.593 -1.29737 8.18526 8.18526 5.07011 1.19841 3.44539 4.2814 4.2814 3.73129 8.64744 8.64744 8.1495 8.1495 8.6539 8.6539 -1.06363 0.883493 -0.384501 -0.0776894 -0.327476 -0.191852 -0.19766 0.444282 0.0865336 -0.287191 -0.238315 8.702 -8.702 -8.702 8.702 -8.702 4.078 4.078 4.078 4.078 8.702 8.702 
0.9 24.3113 11.2322 -10.5497 -8.90901 -8.90901 -7.08028 -2.33085 10.8721 -1.52281 8.14254 8.14254 5.18241 3.37429 3.70611 4.30826 4.30826 1.37504 8.63875 8.63875 8.09921 8.09921 -1.12952 1.00308 -0.0812234 -0.383318 -0.328458 -0.191834 -0.197943 0.444068 0.0963914 -0.354819 -0.273173 8.64672 8.64672 -8.702 -8.702 -8.702 4.078 4.078 4.078 4.078 8.702 8.702 8.702 8.702 
1 24.4073 11.5882 -10.7755 -8.93582 -8.93582 -6.93899 11.1596 -2.58269 5.28901 8.10367 8.10367 4.33554 4.33554 3.30075 3.68417 -1.76722 1.55269 8.62979 8.62979 8.05241 8.05241 1.13101 -1.19188 -0.0846094 -0.38234 -0.329207 -0.191817 -0.198189 0.443887 0.105597 -0.483346 -0.260167 8.6393 8.6393 4.078 4.078 4.078 -8.702 -8.702 -8.702 4.078 8.702 8.702 8.702 8.702 
1.1 24.5132 11.9518 -11.005 -8.96373 -8.96373 -6.80489 -2.83885 11.4552 -2.02842 8.06843 8.06843 5.39007 1.73327 3.22244 3.66505 4.36326 4.36326 8.62065 8.62065 8.00886 8.00886 8.63168 8.63168 1.26565 -1.25013 -0.0877322 -0.381521 -0.329788 -0.191799 -0.198404 0.443735 -0.621539 0.11336 -0.248041 -8.702 -8.702 -8.702 4.078 8.702 8.702 4.078 4.078 4.078 8.702 8.702 
1.2 24.6296 12.3208 -11.2379 -8.99285 -8.99285 11.7585 -6.6778 -3.0989 -2.30449 8.03666 8.03666 5.48585 1.92042 3.13535 3.64838 4.39142 4.39142 8.6114 8.6114 7.96835 7.96835 8.62387 8.62387 1.40581 -1.30323 -0.380825 -0.330243 -0.0905601 -0.191782 -0.198593 -0.7688 0.443607 0.119806 -0.236728 -8.702 -8.702 -8.702 4.078 4.078 8.702 4.078 4.078 8.702 8.702 8.702 
1.3 24.7571 12.6931 -11.4742 -9.02328 -9.02328 12.0692 -6.5575 -3.36246 -2.59377 8.00826 8.00826 5.57663 4.42003 4.42003 3.03065 3.63381 2.12255 8.60212 8.60212 7.93064 7.93064 1.55058 -1.34891 -0.926234 -0.380228 -0.330601 -0.0930997 -0.191765 -0.198762 0.443499 0.125222 -0.226165 8.61589 8.61589 -8.702 -8.702 -8.702 4.078 4.078 4.078 4.078 8.702 8.702 8.702 8.702 
1.4 24.8962 13.0668 -11.7138 12.387 -9.05514 -9.05514 -3.62916 -6.4438 -2.89483 7.98325 7.98325 5.66261 4.44908 4.44908 3.62103 2.87741 2.37022 8.59288 8.59288 7.89555 7.89555 1.69926 -1.38036 -0.379711 -0.330883 -0.0953738 -1.09966 -0.191748 -0.198912 0.44341 0.129871 -0.216293 8.60776 8.60776 -8.702 -8.702 -8.702 8.702 8.702 4.078 4.078 4.078 4.078 8.702 8.702 
1.5 25.0475 13.4398 -11.9564 12.7115 -9.08856 -9.08856 -3.89862 -3.20648 -6.33649 7.96171 7.96171 5.74391 8.58375 8.58375 2.66934 2.66934 4.47855 4.47855 3.6098 7.86288 7.86288 8.59951 8.59951 1.85128 -1.34291 -1.34291 -0.379259 -0.331104 -0.0974104 -0.191732 -0.199048 0.443337 0.133967 -0.207061 -8.702 4.078 4.078 4.078 -8.702 -8.702 4.078 8.702 8.702 8.702 8.702 
1.6 25.2117 13.8104 -12.202 13.0425 -9.12366 -9.12366 -4.17045 -3.52776 -6.23537 7.94387 7.94387 5.82046 2.71299 2.71299 4.50841 4.50841 3.59987 8.57479 8.57479 7.83246 7.83246 8.59115 8.59115 2.00615 -1.44585 -1.44585 -0.378862 -0.331277 -0.0992375 0.443278 0.137671 -0.191715 -0.19917 -0.198423 -8.702 -8.702 -8.702 8.702 8.702 4.078 4.078 4.078 4.078 8.702 8.702 
1.7 25.3894 14.1769 -12.4505 13.3796 -9.16057 -9.16057 -4.44421 -3.85791 -6.14027 7.92999 7.92999 5.89208 8.56604 8.56604 4.5386 4.5386 2.75459 2.75459 3.59108 7.80415 7.80415 8.58273 8.58273 2.16344 -1.54846 -1.54846 -0.378511 -0.33141 -0.100881 -0.199281 -0.191698 0.443233 0.141104 -0.190337 4.078 4.078 -8.702 4.078 -8.702 -8.702 4.078 8.702 8.702 8.702 8.702 
1.8 25.5812 14.538 -12.7016 13.7226 -9.19943 -9.19943 -4.71937 -4.19644 -6.05101 7.92044 7.92044 5.95847 8.55753 8.55753 4.56905 4.56905 2.794 2.794 3.58325 7.77781 7.77781 8.57425 8.57425 2.32272 -1.65036 -1.65036 -0.378198 -0.33151 -0.102364 -0.191682 -0.199382 0.4432 0.144357 -0.182766 4.078 4.078 4.078 -8.702 -8.702 -8.702 4.078 8.702 8.702 8.702 8.702 
1.9 25.7878 14.8921 -12.9554 14.0711 -9.24037 -9.24037 -4.99514 -4.54321 -5.96742 7.91556 7.91556 6.01931 8.53381 8.56479 4.59968 4.59968 2.8311 2.8311 3.57626 7.75336 7.75336 8.56575 8.56575 2.48358 -1.75119 -1.75119 -0.377917 -0.331583 -0.103707 -0.191666 -0.199474 0.443177 0.147497 -0.175675 4.078 4.078 4.078 -8.702 -8.702 -8.702 4.078 8.702 8.702 8.702 8.702 
2 26.0096 15.2381 -13.2116 14.425 -5.27023 -4.8987 -9.28352 -9.28352 -5.88938 7.91568 7.91568 6.07433 8.51147 8.57124 4.63038 4.63038 2.86578 2.86578 3.56999 7.73075 7.73075 8.55724 8.55724 2.64559 -1.8506 -1.8506 -0.377666 -0.331633 -0.104927 -0.19165 -0.199559 0.443165 0.150575 -0.169032 -8.702 -8.702 -8.702 8.702 8.702 8.702 4.078 4.078 4.078 4.078 8.702 
2.1 26.2471 15.5748 -13.4703 14.7839 -5.54176 -5.2651 -9.32903 -9.32903 -5.81675 7.92102 7.92102 6.12341 8.49384 8.57359 4.66105 4.66105 2.89799 2.89799 3.56434 7.70994 7.70994 8.54876 8.54876 -1.94826 -1.94826 2.80831 -0.377438 -0.331663 -0.10604 -0.191634 -0.199638 0.443162 0.153629 -0.16281 4.078 4.078 -8.702 4.078 -8.702 -8.702 4.078 8.702 8.702 8.702 8.702 
2.2 26.5008 15.9014 -13.7311 15.1476 -5.65276 -5.79873 -9.37703 -9.37703 -5.74946 7.93168 7.93168 6.16662 2.92771 2.92771 4.69156 4.69156 3.55924 8.47819 8.57455 7.69096 7.69096 -2.04382 -2.04382 -0.377232 -0.331677 -0.107057 -0.191618 -0.19971 2.97123 0.443167 0.156687 -0.156981 8.54031 8.54031 -8.702 -8.702 -8.702 4.078 4.078 4.078 4.078 8.702 8.702 8.702 8.702 
2.3 26.771 16.2171 -13.9942 15.516 -6.05113 -6.05113 -9.42765 -9.42765 -5.68743 7.94763 7.94763 6.20422 2.95496 2.95496 4.72179 4.72179 8.46383 8.5748 3.55462 7.67389 7.67389 8.53193 8.53193 -2.13696 -2.13696 3.1338 -0.377045 -0.331677 -0.107991 -0.191603 -0.199777 0.443181 0.159769 -0.15152 4.078 4.078 4.078 -8.702 -8.702 -8.702 4.078 8.702 8.702 8.702 8.702 
2.4 27.0577 16.5214 -14.2593 15.8887 -6.37935 -6.37935 -9.48101 -9.48101 -5.63062 7.96872 7.96872 6.23661 8.45048 8.57464 4.75163 4.75163 2.9798 2.9798 7.65886 7.65886 3.55042 8.52362 8.52362 -2.3315 -2.12325 3.29538 -0.376874 -0.331665 -0.108851 -0.191587 -0.19984 0.443204 0.162892 -0.146406 4.078 -8.702 -8.702 4.078 4.078 -8.702 4.078 8.702 8.702 8.702 8.702 
2.5 27.3611 16.8137 -14.5264 16.2656 -6.71016 -6.71016 -9.53724 -9.53724 7.99472 7.99472 -5.57902 6.26433 4.78095 4.78095 3.0023 3.0023 8.43795 8.57422 7.64604 7.64604 3.54659 8.51541 8.51541 -2.50613 -2.12336 -0.376717 -0.331642 -0.109644 -0.191572 -0.199898 3.45527 0.443233 0.166065 -0.141616 4.078 -8.702 -8.702 -8.702 4.078 4.078 4.078 8.702 8.702 8.702 8.702 
2.6 27.6811 17.0939 -14.7954 16.6464 -7.04338 -7.04338 -9.59645 -9.59645 8.02533 8.02533 -5.53266 6.28791 8.42615 8.57361 4.80965 4.80965 3.02258 3.02258 7.63569 7.63569 3.54308 8.50729 8.50729 -2.65506 -2.1425 3.61268 -0.376573 -0.33161 -0.110378 -0.191557 -0.199952 0.169296 0.443271 -0.13713 4.078 4.078 -8.702 -8.702 -8.702 4.078 4.078 8.702 8.702 8.702 8.702 
2.7 28.0175 17.3618 -15.0662 17.031 -7.37882 -7.37882 -9.65872 -9.65872 -5.49157 8.06022 8.06022 6.30793 3.04077 3.04077 4.83766 4.83766 8.415 8.57288 7.6281 7.6281 8.4993 8.4993 3.53987 -2.79093 -2.16746 -0.376441 -0.33157 -0.111059 -0.200003 -0.191542 0.443315 0.172591 -0.13293 3.76673 -8.702 -8.702 -8.702 8.702 8.702 4.078 4.078 4.078 4.078 8.702 8.702 
2.8 28.3699 17.6177 -15.3387 17.4193 -7.71632 -7.71632 -9.72413 -9.72413 -5.45582 8.09906 8.09906 6.32489 3.057 3.057 4.8649 4.8649 8.40443 8.57206 7.62362 7.62362 3.53691 8.49143 8.49143 -2.9166 -2.19484 -0.376319 -0.331523 -0.191527 -0.200051 -0.111693 0.443366 0.175952 -0.128999 3.91647 4.078 4.078 4.078 -8.702 -8.702 -8.702 4.078 8.702 8.702 8.702 8.702 
2.9 28.7379 17.8616 -15.6128 17.8109 -8.05573 -8.05573 -9.79275 -9.79275 -5.42551 8.14148 8.14148 6.33926 3.07145 3.07145 4.89133 4.89133 3.53418 8.39439 8.57118 7.62263 7.62263 -3.03298 8.4837 8.4837 -2.22325 -0.376207 -0.33147 -0.191512 -0.200096 -0.112284 0.443425 0.179381 -0.12532 4.06092 4.078 4.078 4.078 -8.702 -8.702 -8.702 4.078 8.702 8.702 8.702 8.702 
