# Keyword: Sparse
# Comments are allowed here, everything after # is ignored
Sparse
[5,0]: (0,-4)
[9,0]: (0,4)
[5,1]: (0,-1)
[9,1]: (0,-1)
[6,2]: (0,0.5)
[8,2]: (0,0.5)
[7,3]: (0,2)
[10,4]: (0,2)
[0,5]: (-0,4)
[1,5]: (-0,1)
[5,5]: (2,0)
[9,5]: (-4,0)
[2,6]: (-0,-0.5)
[6,6]: (2,0)
[8,6]: (-4,0)
[3,7]: (-0,-2)
[7,7]: (2,0)
[2,8]: (-0,-0.5)
[6,8]: (-4,0)
[8,8]: (2,0)
[0,9]: (-0,-4)
[1,9]: (-0,1)
[5,9]: (-4,0)
[9,9]: (2,0)
[4,10]: (-0,-2)
[10,10]: (2,0)
# Keyword Dense
# Comments not allowed here
Dense
(0,0) (0,0) (0,0) (0,0) (0,0) (0,-4) (0,0) (0,0) (0,0) (0,4) (0,0)
(0,0) (0,0) (0,0) (0,0) (0,0) (0,-1) (0,0) (0,0) (0,0) (0,-1) (0,0)
(0,0) (0,0) (0,0) (0,0) (0,0) (0,0) (0,0.5) (0,0) (0,0.5) (0,0) (0,0)
(0,0) (0,0) (0,0) (0,0) (0,0) (0,0) (0,0) (0,2) (0,0) (0,0) (0,0)
(0,0) (0,0) (0,0) (0,0) (0,0) (0,0) (0,0) (0,0) (0,0) (0,0) (0,2)
(0,4) (0,1) (0,0) (0,0) (0,0) (2,0) (0,0) (0,0) (0,0) (-4,0) (0,0)
(0,0) (0,0) (0,-0.5) (0,0) (0,0) (0,0) (2,0) (0,0) (-4,0) (0,0) (0,0)
(0,0) (0,0) (0,0) (0,-2) (0,0) (0,0) (0,0) (2,0) (0,0) (0,0) (0,0)
(0,0) (0,0) (0,-0.5) (0,0) (0,0) (0,0) (-4,0) (0,0) (2,0) (0,0) (0,0)
(0,-4) (0,1) (0,0) (0,0) (0,0) (-4,0) (0,0) (0,0) (0,0) (2,0) (0,0)
(0,0) (0,0) (0,0) (0,0) (0,-2) (0,0) (0,0) (0,0) (0,0) (0,0) (2,0)

