(0,0) (0,0) (0,0) (0,0) (0,0) (0,-2.2) (0,0) (0,0) (0,0) (0,2.2) (0,0) (0,0) (0,0) (0,0)
(0,0) (0,0) (0,0) (0,0) (0,0) (0,1.27017) (0,0) (0,0) (0,0) (0,1.27017) (0,0) (0,0) (0,0) (0,-2.2)
(0,0) (0,0) (0,0) (0,0) (0,0) (0,0) (0,0.88) (0,0) (0,0.88) (0,0) (0,0) (0,0) (0,0) (0,0)
(0,0) (0,0) (0,0) (0,0) (0,0) (0,0) (0,0) (0,0.88) (0,0) (0,0) (0,0) (0,0.88) (0,0) (0,0)
(0,0) (0,0) (0,0) (0,0) (0,0) (0,0) (0,0) (0,0) (0,0) (0,0) (0,0.88) (0,0) (0,0.88) (0,0)
(-0,2.2) (-0,-1.27017) (0,0) (0,0) (0,0) (16.8196,0) (0,0) (0,0) (-0,0) (0,0) (0,0) (-0,0) (0,0) (0,0)
(0,0) (0,0) (-0,-0.88) (0,0) (0,0) (0,0) (16.8196,0) (0,0) (0,0) (-0,0) (0,0) (0,0) (0,0) (0,0)
(0,0) (0,0) (0,0) (-0,-0.88) (0,0) (0,0) (0,0) (16.8196,0) (0,0) (0,0) (0,0) (0,0) (0,0) (-0,0)
(0,0) (0,0) (-0,-0.88) (0,0) (0,0) (-0,0) (0,0) (0,0) (16.8196,0) (0,0) (0,0) (0,0) (0,0) (0,0)
(-0,-2.2) (-0,-1.27017) (0,0) (0,0) (0,0) (0,0) (-0,0) (0,0) (0,0) (16.8196,0) (0,0) (0,0) (-0,0) (0,0)
(0,0) (0,0) (0,0) (0,0) (-0,-0.88) (0,0) (0,0) (0,0) (0,0) (0,0) (16.8196,0) (0,0) (0,0) (-0,0)
(0,0) (0,0) (0,0) (-0,-0.88) (0,0) (-0,0) (0,0) (0,0) (0,0) (0,0) (0,0) (16.8196,0) (0,0) (0,0)
(0,0) (0,0) (0,0) (0,0) (-0,-0.88) (0,0) (0,0) (0,0) (0,0) (-0,0) (0,0) (0,0) (16.8196,0) (0,0)
(0,0) (-0,2.2) (0,0) (0,0) (0,0) (0,0) (0,0) (-0,0) (0,0) (0,0) (-0,0) (0,0) (0,0) (16.8196,0)
