     peaks (eV)      intensity
       -8.32291     0.00180905
       -8.30791     0.00181801
       -8.29291     0.00182704
       -8.27791     0.00183614
       -8.26291     0.00184531
       -8.24791     0.00185456
       -8.23291     0.00186388
       -8.21791     0.00187327
       -8.20291     0.00188274
       -8.18791     0.00189229
       -8.17291     0.00190191
       -8.15791     0.00191162
       -8.14291      0.0019214
       -8.12791     0.00193126
       -8.11291      0.0019412
       -8.09791     0.00195123
       -8.08291     0.00196133
       -8.06791     0.00197152
       -8.05291      0.0019818
       -8.03791     0.00199216
       -8.02291     0.00200261
       -8.00791     0.00201315
       -7.99291     0.00202377
       -7.97791     0.00203449
       -7.96291      0.0020453
       -7.94791     0.00205619
       -7.93291     0.00206719
       -7.91791     0.00207827
       -7.90291     0.00208945
       -7.88791     0.00210073
       -7.87291     0.00211211
       -7.85791     0.00212358
       -7.84291     0.00213516
       -7.82791     0.00214684
       -7.81291     0.00215862
       -7.79791      0.0021705
       -7.78291     0.00218249
       -7.76791     0.00219459
       -7.75291     0.00220679
       -7.73791      0.0022191
       -7.72291     0.00223153
       -7.70791     0.00224407
       -7.69291     0.00225672
       -7.67791     0.00226948
       -7.66291     0.00228236
       -7.64791     0.00229536
       -7.63291     0.00230848
       -7.61791     0.00232172
       -7.60291     0.00233509
       -7.58791     0.00234858
       -7.57291     0.00236219
       -7.55791     0.00237593
       -7.54291      0.0023898
       -7.52791     0.00240381
       -7.51291     0.00241794
       -7.49791     0.00243221
       -7.48291     0.00244662
       -7.46791     0.00246116
       -7.45291     0.00247585
       -7.43791     0.00249068
       -7.42291     0.00250565
       -7.40791     0.00252077
       -7.39291     0.00253603
       -7.37791     0.00255145
       -7.36291     0.00256702
       -7.34791     0.00258274
       -7.33291     0.00259862
       -7.31791     0.00261466
       -7.30291     0.00263086
       -7.28791     0.00264723
       -7.27291     0.00266376
       -7.25791     0.00268046
       -7.24291     0.00269733
       -7.22791     0.00271437
       -7.21291     0.00273159
       -7.19791     0.00274899
       -7.18291     0.00276657
       -7.16791     0.00278433
       -7.15291     0.00280228
       -7.13791     0.00282042
       -7.12291     0.00283875
       -7.10791     0.00285728
       -7.09291     0.00287601
       -7.07791     0.00289493
       -7.06291     0.00291406
       -7.04791      0.0029334
       -7.03291     0.00295295
       -7.01791     0.00297272
       -7.00291      0.0029927
       -6.98791      0.0030129
       -6.97291     0.00303333
       -6.95791     0.00305399
       -6.94291     0.00307488
       -6.92791       0.003096
       -6.91291     0.00311736
       -6.89791     0.00313897
       -6.88291     0.00316083
       -6.86791     0.00318293
       -6.85291     0.00320529
       -6.83791     0.00322792
       -6.82291      0.0032508
       -6.80791     0.00327396
       -6.79291     0.00329739
       -6.77791      0.0033211
       -6.76291     0.00334509
       -6.74791     0.00336937
       -6.73291     0.00339394
       -6.71791     0.00341881
       -6.70291     0.00344399
       -6.68791     0.00346947
       -6.67291     0.00349527
       -6.65791     0.00352139
       -6.64291     0.00354783
       -6.62791     0.00357461
       -6.61291     0.00360172
       -6.59791     0.00362918
       -6.58291     0.00365699
       -6.56791     0.00368516
       -6.55291     0.00371369
       -6.53791     0.00374259
       -6.52291     0.00377187
       -6.50791     0.00380154
       -6.49291     0.00383159
       -6.47791     0.00386205
       -6.46291     0.00389292
       -6.44791      0.0039242
       -6.43291     0.00395591
       -6.41791     0.00398805
       -6.40291     0.00402063
       -6.38791     0.00405366
       -6.37291     0.00408715
       -6.35791     0.00412112
       -6.34291     0.00415556
       -6.32791     0.00419049
       -6.31291     0.00422592
       -6.29791     0.00426186
       -6.28291     0.00429832
       -6.26791     0.00433531
       -6.25291     0.00437284
       -6.23791     0.00441093
       -6.22291     0.00444959
       -6.20791     0.00448883
       -6.19291     0.00452866
       -6.17791      0.0045691
       -6.16291     0.00461016
       -6.14791     0.00465185
       -6.13291     0.00469419
       -6.11791      0.0047372
       -6.10291     0.00478088
       -6.08791     0.00482526
       -6.07291     0.00487036
       -6.05791     0.00491618
       -6.04291     0.00496275
       -6.02791     0.00501008
       -6.01291      0.0050582
       -5.99791     0.00510712
       -5.98291     0.00515686
       -5.96791     0.00520745
       -5.95291     0.00525891
       -5.93791     0.00531125
       -5.92291      0.0053645
       -5.90791     0.00541869
       -5.89291     0.00547384
       -5.87791     0.00552997
       -5.86291     0.00558712
       -5.84791      0.0056453
       -5.83291     0.00570455
       -5.81791      0.0057649
       -5.80291     0.00582638
       -5.78791     0.00588901
       -5.77291     0.00595284
       -5.75791      0.0060179
       -5.74291     0.00608422
       -5.72791     0.00615184
       -5.71291      0.0062208
       -5.69791     0.00629113
       -5.68291     0.00636289
       -5.66791     0.00643611
       -5.65291     0.00651084
       -5.63791     0.00658713
       -5.62291     0.00666502
       -5.60791     0.00674456
       -5.59291     0.00682582
       -5.57791     0.00690885
       -5.56291      0.0069937
       -5.54791     0.00708043
       -5.53291     0.00716912
       -5.51791     0.00725982
       -5.50291      0.0073526
       -5.48791     0.00744755
       -5.47291     0.00754472
       -5.45791     0.00764422
       -5.44291     0.00774611
       -5.42791     0.00785049
       -5.41291     0.00795745
       -5.39791     0.00806709
       -5.38291      0.0081795
       -5.36791      0.0082948
       -5.35291      0.0084131
       -5.33791     0.00853452
       -5.32291     0.00865917
       -5.30791     0.00878721
       -5.29291     0.00891875
       -5.27791     0.00905396
       -5.26291     0.00919298
       -5.24791     0.00933598
       -5.23291     0.00948313
       -5.21791     0.00963461
       -5.20291     0.00979062
       -5.18791     0.00995137
       -5.17291      0.0101171
       -5.15791      0.0102879
       -5.14291      0.0104643
       -5.12791      0.0106463
       -5.11291      0.0108342
       -5.09791      0.0110284
       -5.08291      0.0112292
       -5.06791       0.011437
       -5.05291      0.0116519
       -5.03791      0.0118746
       -5.02291      0.0121053
       -5.00791      0.0123445
       -4.99291      0.0125926
       -4.97791      0.0128503
       -4.96291      0.0131179
       -4.94791      0.0133961
       -4.93291      0.0136855
       -4.91791      0.0139868
       -4.90291      0.0143007
       -4.88791      0.0146279
       -4.87291      0.0149693
       -4.85791      0.0153259
       -4.84291      0.0156984
       -4.82791      0.0160881
       -4.81291       0.016496
       -4.79791      0.0169233
       -4.78291      0.0173714
       -4.76791      0.0178417
       -4.75291      0.0183357
       -4.73791      0.0188551
       -4.72291      0.0194017
       -4.70791      0.0199773
       -4.69291      0.0205842
       -4.67791      0.0212244
       -4.66291      0.0219005
       -4.64791      0.0226149
       -4.63291      0.0233705
       -4.61791        0.02417
       -4.60291      0.0250164
       -4.58791       0.025913
       -4.57291       0.026863
       -4.55791      0.0278697
       -4.54291      0.0289362
       -4.52791       0.030066
       -4.51291      0.0312619
       -4.49791      0.0325266
       -4.48291      0.0338626
       -4.46791      0.0352713
       -4.45291       0.036754
       -4.43791      0.0383106
       -4.42291      0.0399404
       -4.40791      0.0416416
       -4.39291      0.0434114
       -4.37791      0.0452461
       -4.36291      0.0471414
       -4.34791      0.0490927
       -4.33291      0.0510953
       -4.31791      0.0531446
       -4.30291      0.0552368
       -4.28791      0.0573686
       -4.27291      0.0595372
       -4.25791      0.0617402
       -4.24291      0.0639752
       -4.22791      0.0662387
       -4.21291      0.0685253
       -4.19791      0.0708267
       -4.18291      0.0731301
       -4.16791       0.075418
       -4.15291      0.0776669
       -4.13791      0.0798478
       -4.12291      0.0819272
       -4.10791      0.0838682
       -4.09291      0.0856336
       -4.07791      0.0871887
       -4.06291      0.0885046
       -4.04791      0.0895615
       -4.03291      0.0903509
       -4.01791      0.0908768
       -4.00291       0.091156
       -3.98791      0.0912166
       -3.97291      0.0910955
       -3.95791      0.0908352
       -3.94291      0.0904804
       -3.92791      0.0900747
       -3.91291      0.0896579
       -3.89791      0.0892642
       -3.88291      0.0889209
       -3.86791      0.0886481
       -3.85291      0.0884591
       -3.83791      0.0883607
       -3.82291      0.0883543
       -3.80791      0.0884358
       -3.79291      0.0885967
       -3.77791      0.0888236
       -3.76291      0.0890987
       -3.74791      0.0893996
       -3.73291      0.0896993
       -3.71791      0.0899675
       -3.70291      0.0901714
       -3.68791       0.090278
       -3.67291      0.0902564
       -3.65791      0.0900808
       -3.64291      0.0897332
       -3.62791      0.0892052
       -3.61291      0.0884996
       -3.59791        0.08763
       -3.58291      0.0866199
       -3.56791      0.0855006
       -3.55291      0.0843084
       -3.53791      0.0830817
       -3.52291      0.0818584
       -3.50791       0.080674
       -3.49291      0.0795594
       -3.47791      0.0785402
       -3.46291      0.0776361
       -3.44791      0.0768608
       -3.43291      0.0762217
       -3.41791      0.0757207
       -3.40291       0.075354
       -3.38791       0.075113
       -3.37291      0.0749844
       -3.35791      0.0749509
       -3.34291       0.074992
       -3.32791      0.0750851
       -3.31291      0.0752063
       -3.29791      0.0753324
       -3.28291      0.0754422
       -3.26791      0.0755184
       -3.25291      0.0755487
       -3.23791      0.0755275
       -3.22291      0.0754557
       -3.20791      0.0753409
       -3.19291       0.075196
       -3.17791       0.075038
       -3.16291      0.0748863
       -3.14791      0.0747609
       -3.13291      0.0746805
       -3.11791      0.0746618
       -3.10291      0.0747183
       -3.08791      0.0748599
       -3.07291      0.0750926
       -3.05791      0.0754188
       -3.04291      0.0758376
       -3.02791      0.0763448
       -3.01291      0.0769336
       -2.99791      0.0775952
       -2.98291      0.0783191
       -2.96791      0.0790942
       -2.95291      0.0799094
       -2.93791      0.0807543
       -2.92291      0.0816202
       -2.90791      0.0825006
       -2.89291      0.0833911
       -2.87791      0.0842897
       -2.86291      0.0851961
       -2.84791      0.0861107
       -2.83291      0.0870342
       -2.81791      0.0879665
       -2.80291      0.0889065
       -2.78791      0.0898523
       -2.77291      0.0908012
       -2.75791      0.0917512
       -2.74291      0.0927017
       -2.72791       0.093655
       -2.71291      0.0946169
       -2.69791       0.095597
       -2.68291      0.0966091
       -2.66791      0.0976707
       -2.65291      0.0988018
       -2.63791       0.100024
       -2.62291       0.101361
       -2.60791       0.102834
       -2.59291       0.104466
       -2.57791       0.106278
       -2.56291        0.10829
       -2.54791        0.11052
       -2.53291       0.112986
       -2.51791       0.115705
       -2.50291       0.118693
       -2.48791       0.121966
       -2.47291       0.125539
       -2.45791        0.12943
       -2.44291       0.133653
       -2.42791       0.138228
       -2.41291       0.143173
       -2.39791       0.148509
       -2.38291        0.15426
       -2.36791        0.16045
       -2.35291       0.167109
       -2.33791       0.174267
       -2.32291        0.18196
       -2.30791       0.190223
       -2.29291       0.199096
       -2.27791       0.208617
       -2.26291       0.218826
       -2.24791       0.229758
       -2.23291       0.241449
       -2.21791       0.253925
       -2.20291       0.267206
       -2.18791       0.281303
       -2.17291        0.29621
       -2.15791       0.311907
       -2.14291       0.328351
       -2.12791       0.345476
       -2.11291       0.363184
       -2.09791       0.381345
       -2.08291       0.399792
       -2.06791       0.418317
       -2.05291       0.436676
       -2.03791        0.45459
       -2.02291       0.471757
       -2.00791       0.487868
       -1.99291       0.502624
       -1.97791       0.515763
       -1.96291       0.527077
       -1.94791       0.536437
       -1.93291       0.543801
       -1.91791       0.549212
       -1.90291       0.552789
       -1.88791       0.554712
       -1.87291        0.55519
       -1.85791       0.554441
       -1.84291       0.552666
       -1.82791       0.550035
       -1.81291       0.546674
       -1.79791       0.542669
       -1.78291       0.538068
       -1.76791       0.532888
       -1.75291       0.527126
       -1.73791       0.520767
       -1.72291       0.513786
       -1.70791       0.506157
       -1.69291        0.49785
       -1.67791       0.488836
       -1.66291        0.47909
       -1.64791       0.468597
       -1.63291       0.457357
       -1.61791       0.445398
       -1.60291       0.432775
       -1.58791       0.419576
       -1.57291       0.405918
       -1.55791       0.391941
       -1.54291       0.377799
       -1.52791       0.363647
       -1.51291       0.349634
       -1.49791        0.33589
       -1.48291       0.322522
       -1.46791       0.309613
       -1.45291       0.297217
       -1.43791       0.285364
       -1.42291       0.274066
       -1.40791       0.263314
       -1.39291       0.253093
       -1.37791       0.243379
       -1.36291       0.234147
       -1.34791       0.225373
       -1.33291       0.217033
       -1.31791        0.20911
       -1.30291       0.201585
       -1.28791       0.194443
       -1.27291       0.187665
       -1.25791       0.181233
       -1.24291       0.175127
       -1.22791       0.169324
       -1.21291         0.1638
       -1.19791       0.158534
       -1.18291       0.153503
       -1.16791        0.14869
       -1.15291       0.144082
       -1.13791       0.139672
       -1.12291       0.135455
       -1.10791       0.131431
       -1.09291       0.127604
       -1.07791       0.123977
       -1.06291       0.120556
       -1.04791       0.117341
       -1.03291       0.114333
       -1.01791       0.111529
       -1.00291       0.108922
      -0.987912       0.106504
      -0.972912        0.10426
      -0.957912       0.102174
      -0.942912        0.10023
      -0.927912      0.0984071
      -0.912912      0.0966883
      -0.897912      0.0950564
      -0.882912      0.0934972
      -0.867912      0.0920003
      -0.852912      0.0905595
      -0.837912      0.0891727
      -0.822912      0.0878415
      -0.807912      0.0865704
      -0.792912      0.0853654
      -0.777912      0.0842323
      -0.762912      0.0831763
      -0.747912      0.0821998
      -0.732912      0.0813023
      -0.717912        0.08048
      -0.702912      0.0797253
      -0.687912      0.0790277
      -0.672912      0.0783742
      -0.657912      0.0777509
      -0.642912      0.0771442
      -0.627912      0.0765422
      -0.612912      0.0759363
      -0.597912      0.0753225
      -0.582912      0.0747013
      -0.567912      0.0740786
      -0.552912      0.0734645
      -0.537912      0.0728725
      -0.522912      0.0723179
      -0.507912      0.0718169
      -0.492912      0.0713842
      -0.477912      0.0710328
      -0.462912       0.070772
      -0.447912      0.0706073
      -0.432912      0.0705397
      -0.417912      0.0705652
      -0.402912      0.0706748
      -0.387912      0.0708549
      -0.372912      0.0710874
      -0.357912      0.0713506
      -0.342912      0.0716207
      -0.327912      0.0718731
      -0.312912      0.0720839
      -0.297912      0.0722323
      -0.282912       0.072302
      -0.267912      0.0722821
      -0.252912      0.0721682
      -0.237912      0.0719614
      -0.222912      0.0716672
      -0.207912      0.0712942
      -0.192912      0.0708514
      -0.177912       0.070347
      -0.162912      0.0697859
      -0.147912      0.0691699
      -0.132912      0.0684968
      -0.117912      0.0677613
      -0.102912      0.0669566
     -0.0879124      0.0660757
     -0.0729124      0.0651139
     -0.0579124      0.0640697
     -0.0429124      0.0629466
     -0.0279124      0.0617528
     -0.0129124      0.0605016
     0.00208763      0.0592099
      0.0170876      0.0578972
      0.0320876      0.0565839
      0.0470876      0.0552898
      0.0620876      0.0540331
      0.0770876       0.052829
      0.0920876      0.0516898
       0.107088      0.0506241
       0.122088      0.0496371
       0.137088      0.0487301
       0.152088      0.0479017
       0.167088      0.0471473
       0.182088      0.0464598
       0.197088      0.0458306
       0.212088      0.0452496
       0.227088      0.0447063
       0.242088      0.0441907
       0.257088       0.043694
       0.272088      0.0432094
       0.287088      0.0427326
       0.302088      0.0422623
       0.317088      0.0417998
       0.332088      0.0413488
       0.347088      0.0409149
       0.362088      0.0405047
       0.377088      0.0401252
       0.392088      0.0397824
       0.407088      0.0394815
       0.422088      0.0392257
       0.437088      0.0390162
       0.452088      0.0388516
       0.467088      0.0387284
       0.482088      0.0386405
       0.497088        0.03858
       0.512088      0.0385372
       0.527088      0.0385015
       0.542088      0.0384623
       0.557088      0.0384095
       0.572088      0.0383349
       0.587088      0.0382325
       0.602088      0.0380993
       0.617088      0.0379353
       0.632088      0.0377436
       0.647088      0.0375293
       0.662088       0.037299
       0.677088      0.0370598
       0.692088       0.036818
       0.707088      0.0365788
       0.722088      0.0363451
       0.737088      0.0361178
       0.752088      0.0358952
       0.767088      0.0356736
       0.782088      0.0354479
       0.797088      0.0352122
       0.812088      0.0349609
       0.827088      0.0346894
       0.842088      0.0343953
       0.857088      0.0340782
       0.872088      0.0337407
       0.887088      0.0333878
       0.902088      0.0330267
       0.917088      0.0326661
       0.932088      0.0323153
       0.947088      0.0319839
       0.962088      0.0316806
       0.977088      0.0314131
       0.992088      0.0311877
        1.00709      0.0310087
        1.02209      0.0308787
        1.03709      0.0307981
        1.05209      0.0307652
        1.06709      0.0307766
        1.08209      0.0308265
        1.09709      0.0309074
        1.11209      0.0310101
        1.12709      0.0311244
        1.14209       0.031239
        1.15709       0.031343
        1.17209      0.0314262
        1.18709      0.0314801
        1.20209      0.0314986
        1.21709      0.0314788
        1.23209      0.0314213
        1.24709      0.0313295
        1.26209      0.0312102
        1.27709      0.0310717
        1.29209       0.030924
        1.30709      0.0307769
        1.32209        0.03064
        1.33709      0.0305212
        1.35209      0.0304264
        1.36709      0.0303595
        1.38209      0.0303217
        1.39709      0.0303115
        1.41209      0.0303253
        1.42709      0.0303571
        1.44209      0.0303995
        1.45709      0.0304441
        1.47209      0.0304823
        1.48709      0.0305062
        1.50209      0.0305095
        1.51709      0.0304882
        1.53209      0.0304412
        1.54709      0.0303703
        1.56209      0.0302804
        1.57709      0.0301785
        1.59209      0.0300739
        1.60709      0.0299763
        1.62209       0.029896
        1.63709      0.0298424
        1.65209      0.0298239
        1.66709      0.0298471
        1.68209      0.0299165
        1.69709      0.0300345
        1.71209      0.0302011
        1.72709      0.0304137
        1.74209      0.0306674
        1.75709      0.0309551
        1.77209      0.0312676
        1.78709      0.0315941
        1.80209      0.0319228
        1.81709      0.0322419
        1.83209      0.0325404
        1.84709      0.0328087
        1.86209      0.0330402
        1.87709      0.0332311
        1.89209      0.0333814
        1.90709      0.0334939
        1.92209      0.0335744
        1.93709      0.0336299
        1.95209       0.033668
        1.96709      0.0336957
        1.98209      0.0337178
        1.99709      0.0337366
        2.01209      0.0337511
        2.02709      0.0337565
        2.04209      0.0337453
        2.05709       0.033707
        2.07209      0.0336297
        2.08709      0.0335011
        2.10209      0.0333099
        2.11709      0.0330473
        2.13209      0.0327082
        2.14709      0.0322915
        2.16209       0.031801
        2.17709      0.0312447
        2.19209      0.0306341
        2.20709       0.029983
        2.22209      0.0293067
        2.23709      0.0286205
        2.25209      0.0279389
        2.26709      0.0272749
        2.28209      0.0266394
        2.29709      0.0260412
        2.31209      0.0254867
        2.32709      0.0249803
        2.34209       0.024524
        2.35709       0.024118
        2.37209      0.0237604
        2.38709      0.0234481
        2.40209      0.0231758
        2.41709      0.0229374
        2.43209      0.0227253
        2.44709      0.0225313
        2.46209      0.0223465
        2.47709      0.0221623
        2.49209      0.0219707
        2.50709      0.0217651
        2.52209      0.0215404
        2.53709      0.0212938
        2.55209      0.0210249
        2.56709      0.0207355
        2.58209      0.0204294
        2.59709      0.0201119
        2.61209      0.0197895
        2.62709      0.0194687
        2.64209      0.0191563
        2.65709      0.0188583
        2.67209      0.0185798
        2.68709      0.0183252
        2.70209      0.0180975
        2.71709      0.0178986
        2.73209      0.0177291
        2.74709      0.0175885
        2.76209      0.0174753
        2.77709      0.0173868
        2.79209      0.0173194
        2.80709      0.0172684
        2.82209      0.0172289
        2.83709      0.0171951
        2.85209      0.0171614
        2.86709      0.0171226
        2.88209       0.017074
        2.89709      0.0170123
        2.91209      0.0169355
        2.92709      0.0168433
        2.94209      0.0167371
        2.95709      0.0166198
        2.97209      0.0164954
        2.98709      0.0163688
        3.00209      0.0162451
        3.01709      0.0161297
        3.03209      0.0160273
        3.04709      0.0159421
        3.06209      0.0158774
        3.07709      0.0158354
        3.09209      0.0158175
        3.10709      0.0158237
        3.12209      0.0158529
        3.13709      0.0159029
        3.15209      0.0159702
        3.16709      0.0160501
        3.18209      0.0161371
        3.19709      0.0162248
        3.21209      0.0163063
        3.22709      0.0163744
        3.24209      0.0164227
        3.25709      0.0164455
        3.27209      0.0164386
        3.28709      0.0163995
        3.30209      0.0163282
        3.31709      0.0162265
        3.33209      0.0160982
        3.34709      0.0159487
        3.36209      0.0157843
        3.37709       0.015612
        3.39209      0.0154386
        3.40709      0.0152706
        3.42209      0.0151138
        3.43709      0.0149729
        3.45209      0.0148515
        3.46709      0.0147522
        3.48209      0.0146763
        3.49709       0.014624
        3.51209      0.0145942
        3.52709      0.0145849
        3.54209      0.0145932
        3.55709      0.0146148
        3.57209      0.0146451
        3.58709      0.0146786
        3.60209      0.0147099
        3.61709      0.0147334
        3.63209      0.0147442
        3.64709      0.0147384
        3.66209      0.0147134
        3.67709      0.0146682
        3.69209      0.0146037
        3.70709      0.0145221
        3.72209      0.0144272
        3.73709      0.0143239
        3.75209      0.0142176
        3.76709      0.0141139
        3.78209      0.0140184
        3.79709      0.0139362
        3.81209      0.0138717
        3.82709      0.0138286
        3.84209      0.0138095
        3.85709      0.0138164
        3.87209      0.0138502
        3.88709      0.0139108
        3.90209      0.0139972
        3.91709      0.0141074
        3.93209      0.0142381
        3.94709      0.0143852
        3.96209      0.0145433
        3.97709      0.0147062
        3.99209      0.0148669
        4.00709      0.0150178
        4.02209      0.0151513
        4.03709      0.0152603
        4.05209      0.0153386
        4.06709      0.0153817
        4.08209       0.015387
        4.09709      0.0153542
        4.11209      0.0152851
        4.12709      0.0151837
        4.14209      0.0150555
        4.15709      0.0149071
        4.17209      0.0147454
        4.18709      0.0145771
        4.20209      0.0144083
        4.21709      0.0142441
        4.23209      0.0140882
        4.24709      0.0139428
        4.26209      0.0138086
        4.27709       0.013685
        4.29209      0.0135699
        4.30709      0.0134601
        4.32209      0.0133519
        4.33709      0.0132408
        4.35209      0.0131226
        4.36709      0.0129931
        4.38209      0.0128494
        4.39709      0.0126894
        4.41209      0.0125125
        4.42709      0.0123195
        4.44209      0.0121124
        4.45709      0.0118944
        4.47209      0.0116693
        4.48709      0.0114412
        4.50209      0.0112146
        4.51709      0.0109934
        4.53209      0.0107815
        4.54709       0.010582
        4.56209      0.0103976
        4.57709      0.0102304
        4.59209      0.0100821
        4.60709     0.00995367
        4.62209     0.00984588
        4.63709     0.00975906
        4.65209      0.0096932
        4.66709     0.00964798
        4.68209     0.00962276
        4.69709     0.00961655
        4.71209     0.00962802
        4.72709     0.00965544
        4.74209     0.00969663
        4.75709     0.00974899
        4.77209     0.00980944
        4.78709     0.00987449
        4.80209     0.00994035
        4.81709       0.010003
        4.83209      0.0100586
        4.84709      0.0101036
        4.86209      0.0101348
        4.87709      0.0101503
        4.89209      0.0101488
        4.90709      0.0101307
        4.92209      0.0100971
        4.93709      0.0100504
        4.95209     0.00999396
        4.96709     0.00993136
        4.98209     0.00986666
        4.99709     0.00980382
        5.01209     0.00974657
        5.02709     0.00969821
        5.04209     0.00966151
        5.05709      0.0096386
        5.07209       0.009631
        5.08709     0.00963954
        5.10209     0.00966438
        5.11709     0.00970497
        5.13209     0.00976009
        5.14709     0.00982779
        5.16209     0.00990546
        5.17709     0.00998981
        5.19209       0.010077
        5.20709      0.0101627
        5.22209      0.0102425
        5.23709       0.010312
        5.25209       0.010367
        5.26709      0.0104045
        5.28209       0.010422
        5.29709      0.0104186
        5.31209      0.0103948
        5.32709      0.0103522
        5.34209      0.0102936
        5.35709      0.0102229
        5.37209      0.0101442
        5.38709       0.010062
        5.40209     0.00998054
        5.41709      0.0099036
        5.43209      0.0098344
        5.44709     0.00977536
        5.46209     0.00972809
        5.47709     0.00969328
        5.49209     0.00967072
        5.50709     0.00965934
        5.52209     0.00965721
        5.53709     0.00966165
        5.55209     0.00966933
        5.56709     0.00967643
        5.58209     0.00967892
        5.59709     0.00967276
        5.61209     0.00965432
        5.62709     0.00962058
        5.64209     0.00956952
        5.65709     0.00950022
        5.67209     0.00941301
        5.68709     0.00930935
        5.70209     0.00919174
        5.71709     0.00906342
        5.73209     0.00892806
        5.74709     0.00878954
        5.76209     0.00865164
        5.77709     0.00851784
        5.79209     0.00839123
        5.80709     0.00827441
        5.82209     0.00816947
        5.83709     0.00807798
        5.85209     0.00800104
        5.86709     0.00793931
        5.88209     0.00789302
        5.89709     0.00786199
        5.91209     0.00784564
        5.92709     0.00784301
        5.94209      0.0078527
        5.95709      0.0078729
        5.97209     0.00790137
        5.98709     0.00793544
        6.00209      0.0079721
        6.01709     0.00800804
        6.03209     0.00803985
        6.04709     0.00806414
        6.06209     0.00807783
        6.07709     0.00807838
        6.09209     0.00806396
        6.10709     0.00803368
        6.12209     0.00798764
        6.13709     0.00792688
        6.15209     0.00785332
        6.16709     0.00776952
        6.18209      0.0076785
        6.19709     0.00758345
        6.21209     0.00748754
        6.22709     0.00739376
        6.24209     0.00730479
        6.25709     0.00722295
        6.27209     0.00715017
        6.28709     0.00708797
        6.30209     0.00703753
        6.31709     0.00699967
        6.33209     0.00697493
        6.34709     0.00696357
        6.36209     0.00696556
        6.37709     0.00698063
        6.39209     0.00700823
        6.40709     0.00704752
        6.42209     0.00709735
        6.43709     0.00715619
        6.45209     0.00722218
        6.46709      0.0072931
        6.48209     0.00736636
        6.49709     0.00743913
        6.51209      0.0075084
        6.52709     0.00757119
        6.54209     0.00762471
        6.55709      0.0076666
        6.57209     0.00769514
        6.58709     0.00770941
        6.60209     0.00770942
        6.61709     0.00769608
        6.63209      0.0076711
        6.64709     0.00763688
        6.66209     0.00759626
        6.67709     0.00755228
        6.69209       0.007508
        6.70709     0.00746629
        6.72209     0.00742968
        6.73709      0.0074003
        6.75209     0.00737978
        6.76709     0.00736926
        6.78209     0.00736935
        6.79709     0.00738012
        6.81209     0.00740112
        6.82709     0.00743135
        6.84209     0.00746932
        6.85709     0.00751299
        6.87209      0.0075599
        6.88709     0.00760722
        6.90209     0.00765183
        6.91709     0.00769057
        6.93209      0.0077204
        6.94709     0.00773863
        6.96209     0.00774318
        6.97709     0.00773277
        6.99209     0.00770702
        7.00709     0.00766649
        7.02209     0.00761263
        7.03709     0.00754762
        7.05209     0.00747416
        7.06709     0.00739526
        7.08209     0.00731398
        7.09709      0.0072333
        7.11209     0.00715595
        7.12709     0.00708432
        7.14209     0.00702043
        7.15709     0.00696592
        7.17209     0.00692205
        7.18709     0.00688975
        7.20209     0.00686961
        7.21709     0.00686195
        7.23209      0.0068668
        7.24709     0.00688393
        7.26209     0.00691282
        7.27709     0.00695269
        7.29209     0.00700244
        7.30709     0.00706064
        7.32209     0.00712554
        7.33709     0.00719507
        7.35209     0.00726689
        7.36709     0.00733841
        7.38209     0.00740698
        7.39709     0.00747001
        7.41209     0.00752515
        7.42709     0.00757049
        7.44209     0.00760474
        7.45709      0.0076274
        7.47209     0.00763875
        7.48709     0.00763988
        7.50209     0.00763259
        7.51709     0.00761921
        7.53209     0.00760242
        7.54709     0.00758504
        7.56209     0.00756986
        7.57709     0.00755948
        7.59209     0.00755622
        7.60709     0.00756204
        7.62209      0.0075785
        7.63709     0.00760674
        7.65209     0.00764747
        7.66709     0.00770095
        7.68209     0.00776699
        7.69709     0.00784492
        7.71209     0.00793356
        7.72709     0.00803119
        7.74209     0.00813554
        7.75709     0.00824377
        7.77209     0.00835252
        7.78709     0.00845801
        7.80209     0.00855613
        7.81709     0.00864272
        7.83209     0.00871379
        7.84709     0.00876585
        7.86209      0.0087962
        7.87709     0.00880315
        7.89209     0.00878625
        7.90709     0.00874626
        7.92209     0.00868511
        7.93709     0.00860566
        7.95209     0.00851148
        7.96709     0.00840649
        7.98209     0.00829473
        7.99709     0.00818007
        8.01209     0.00806604
        8.02709     0.00795574
        8.04209     0.00785176
        8.05709     0.00775619
        8.07209     0.00767066
        8.08709     0.00759636
        8.10209     0.00753411
        8.11709     0.00748439
        8.13209     0.00744745
        8.14709     0.00742324
        8.16209     0.00741154
        8.17709      0.0074119
        8.19209     0.00742367
        8.20709       0.007446
        8.22209      0.0074778
        8.23709     0.00751779
        8.25209     0.00756443
        8.26709     0.00761599
        8.28209     0.00767058
        8.29709     0.00772622
        8.31209     0.00778092
        8.32709     0.00783283
        8.34209     0.00788036
        8.35709     0.00792232
        8.37209     0.00795804
        8.38709     0.00798742
        8.40209     0.00801096
        8.41709     0.00802968
        8.43209     0.00804506
        8.44709     0.00805892
        8.46209     0.00807324
        8.47709     0.00809006
        8.49209     0.00811138
        8.50709     0.00813906
        8.52209     0.00817478
        8.53709     0.00822003
        8.55209     0.00827611
        8.56709     0.00834412
        8.58209     0.00842501
        8.59709     0.00851959
        8.61209     0.00862853
        8.62709     0.00875239
        8.64209     0.00889164
        8.65709     0.00904661
        8.67209     0.00921751
        8.68709     0.00940438
        8.70209     0.00960705
        8.71709     0.00982507
        8.73209      0.0100577
        8.74709      0.0103037
        8.76209      0.0105614
        8.77709      0.0108286
        8.79209      0.0111025
        8.80709      0.0113795
        8.82209      0.0116556
        8.83709      0.0119264
        8.85209       0.012187
        8.86709      0.0124327
        8.88209      0.0126592
        8.89709      0.0128628
        8.91209      0.0130411
        8.92709       0.013193
        8.94209       0.013319
        8.95709      0.0134212
        8.97209      0.0135032
        8.98709      0.0135696
        9.00209      0.0136258
        9.01709      0.0136777
        9.03209       0.013731
        9.04709      0.0137915
        9.06209      0.0138642
        9.07709      0.0139538
        9.09209      0.0140642
        9.10709      0.0141987
        9.12209        0.01436
        9.13709      0.0145504
        9.15209      0.0147712
        9.16709      0.0150238
        9.18209      0.0153085
        9.19709      0.0156255
        9.21209      0.0159741
        9.22709      0.0163532
        9.24209      0.0167608
        9.25709      0.0171941
        9.27209      0.0176495
        9.28709      0.0181226
        9.30209       0.018608
        9.31709      0.0190999
        9.33209      0.0195921
        9.34709      0.0200785
        9.36209      0.0205534
        9.37709      0.0210127
        9.39209      0.0214535
        9.40709      0.0218752
        9.42209      0.0222795
        9.43709      0.0226706
        9.45209      0.0230543
        9.46709      0.0234385
        9.48209      0.0238317
        9.49709      0.0242432
        9.51209      0.0246819
        9.52709      0.0251557
        9.54209      0.0256716
        9.55709      0.0262346
        9.57209      0.0268479
        9.58709      0.0275122
        9.60209      0.0282258
        9.61709      0.0289839
        9.63209      0.0297787
        9.64709      0.0305991
        9.66209      0.0314304
        9.67709       0.032255
        9.69209      0.0330525
        9.70709      0.0338003
        9.72209      0.0344751
        9.73709      0.0350545
        9.75209      0.0355183
        9.76709      0.0358505
        9.78209      0.0360412
        9.79709       0.036087
        9.81209      0.0359917
        9.82709      0.0357661
        9.84209      0.0354266
        9.85709      0.0349938
        9.87209      0.0344909
        9.88709      0.0339419
        9.90209        0.03337
        9.91709      0.0327968
        9.93209      0.0322412
        9.94709      0.0317195
        9.96209      0.0312449
        9.97709      0.0308279
        9.99209      0.0304766
        10.0071       0.030197
        10.0221       0.029993
        10.0371      0.0298672
        10.0521      0.0298208
        10.0671      0.0298541
        10.0821      0.0299659
        10.0971      0.0301544
        10.1121      0.0304165
        10.1271      0.0307479
        10.1421      0.0311433
        10.1571      0.0315955
        10.1721      0.0320961
        10.1871      0.0326351
        10.2021      0.0332008
        10.2171      0.0337807
        10.2321      0.0343612
        10.2471       0.034929
        10.2621      0.0354717
        10.2771       0.035979
        10.2921      0.0364433
        10.3071      0.0368611
        10.3221      0.0372328
        10.3371      0.0375634
        10.3521      0.0378618
        10.3671        0.03814
        10.3821      0.0384122
        10.3971      0.0386941
        10.4121       0.039001
        10.4271      0.0393476
        10.4421      0.0397473
        10.4571      0.0402111
        10.4721      0.0407477
        10.4871      0.0413631
        10.5021      0.0420606
        10.5171      0.0428401
        10.5321      0.0436985
        10.5471      0.0446294
        10.5621      0.0456226
        10.5771      0.0466645
        10.5921      0.0477383
        10.6071       0.048824
        10.6221      0.0498995
        10.6371      0.0509416
        10.6521      0.0519277
        10.6671      0.0528375
        10.6821      0.0536546
        10.6971      0.0543687
        10.7121      0.0549766
        10.7271      0.0554826
        10.7421      0.0558988
        10.7571      0.0562436
        10.7721      0.0565408
        10.7871      0.0568173
        10.8021       0.057102
        10.8171      0.0574234
        10.8321      0.0578091
        10.8471      0.0582845
        10.8621      0.0588725
        10.8771      0.0595936
        10.8921      0.0604657
        10.9071      0.0615043
        10.9221      0.0627234
        10.9371       0.064135
        10.9521      0.0657496
        10.9671      0.0675768
        10.9821      0.0696246
        10.9971      0.0718997
        11.0121       0.074407
        11.0271      0.0771492
        11.0421      0.0801262
        11.0571      0.0833344
        11.0721      0.0867653
        11.0871      0.0904052
        11.1021      0.0942335
        11.1171      0.0982224
        11.1321       0.102336
        11.1471       0.106532
        11.1621       0.110758
        11.1771       0.114962
        11.1921       0.119085
        11.2071       0.123074
        11.2221       0.126883
        11.2371       0.130475
        11.2521       0.133832
        11.2671       0.136953
        11.2821       0.139857
        11.2971       0.142579
        11.3121       0.145167
        11.3271       0.147675
        11.3421       0.150161
        11.3571       0.152674
        11.3721        0.15525
        11.3871       0.157908
        11.4021       0.160643
        11.4171       0.163429
        11.4321        0.16621
        11.4471       0.168909
        11.4621       0.171424
        11.4771        0.17364
        11.4921       0.175434
        11.5071       0.176686
        11.5221       0.177288
        11.5371       0.177156
        11.5521       0.176239
        11.5671       0.174525
        11.5821        0.17204
        11.5971       0.168851
        11.6121       0.165051
        11.6271       0.160758
        11.6421       0.156101
        11.6571        0.15121
        11.6721       0.146209
        11.6871       0.141212
        11.7021       0.136315
        11.7171       0.131597
        11.7321       0.127121
        11.7471       0.122931
        11.7621       0.119055
        11.7771       0.115508
        11.7921       0.112291
        11.8071       0.109394
        11.8221       0.106797
        11.8371       0.104471
        11.8521       0.102378
        11.8671       0.100473
        11.8821      0.0987074
        11.8971      0.0970267
        11.9121      0.0953775
        11.9271      0.0937085
        11.9421       0.091974
        11.9571      0.0901371
        11.9721      0.0881724
        11.9871      0.0860674
        12.0021      0.0838227
        12.0171      0.0814512
        12.0321      0.0789755
        12.0471      0.0764255
        12.0621      0.0738348
        12.0771      0.0712381
        12.0921      0.0686689
        12.1071       0.066157
        12.1221      0.0637283
        12.1371      0.0614038
        12.1521      0.0591994
        12.1671      0.0571269
        12.1821      0.0551937
        12.1971       0.053404
        12.2121      0.0517588
        12.2271      0.0502567
        12.2421      0.0488941
        12.2571      0.0476655
        12.2721      0.0465636
        12.2871      0.0455796
        12.3021      0.0447028
        12.3171       0.043921
        12.3321      0.0432201
        12.3471      0.0425846
        12.3621      0.0419979
        12.3771      0.0414423
        12.3921         0.0409
        12.4071      0.0403541
        12.4221      0.0397892
        12.4371      0.0391929
        12.4521      0.0385561
        12.4671      0.0378744
        12.4821      0.0371473
        12.4971       0.036379
        12.5121      0.0355769
        12.5271      0.0347515
        12.5421      0.0339144
        12.5571      0.0330783
        12.5721      0.0322554
        12.5871      0.0314567
        12.6021      0.0306921
        12.6171      0.0299695
        12.6321      0.0292953
        12.6471      0.0286738
        12.6621      0.0281076
        12.6771      0.0275978
        12.6921      0.0271438
        12.7071      0.0267436
        12.7221      0.0263937
        12.7371      0.0260892
        12.7521      0.0258236
        12.7671      0.0255893
        12.7821      0.0253773
        12.7971      0.0251776
        12.8121      0.0249795
        12.8271      0.0247724
        12.8421       0.024546
        12.8571      0.0242912
        12.8721      0.0240008
        12.8871      0.0236702
        12.9021      0.0232975
        12.9171      0.0228836
        12.9321      0.0224324
        12.9471      0.0219497
        12.9621       0.021443
        12.9771       0.020921
        12.9921      0.0203921
        13.0071      0.0198648
        13.0221      0.0193465
        13.0371       0.018844
        13.0521      0.0183626
        13.0671      0.0179066
        13.0821      0.0174792
        13.0971      0.0170826
        13.1121      0.0167181
        13.1271      0.0163861
        13.1421      0.0160865
        13.1571      0.0158182
        13.1721        0.01558
        13.1871      0.0153695
        13.2021      0.0151842
        13.2171      0.0150205
        13.2321      0.0148746
        13.2471      0.0147419
        13.2621      0.0146172
        13.2771      0.0144952
        13.2921      0.0143702
        13.3071      0.0142369
        13.3221      0.0140904
        13.3371      0.0139266
        13.3521      0.0137425
        13.3671      0.0135368
        13.3821      0.0133092
        13.3971      0.0130613
        13.4121      0.0127956
        13.4271      0.0125156
        13.4421      0.0122254
        13.4571      0.0119293
        13.4721      0.0116315
        13.4871      0.0113359
        13.5021      0.0110459
        13.5171      0.0107645
        13.5321       0.010494
        13.5471      0.0102362
        13.5621     0.00999235
        13.5771     0.00976344
        13.5921     0.00955001
        13.6071     0.00935236
        13.6221     0.00917057
        13.6371     0.00900457
        13.6521     0.00885417
        13.6671     0.00871905
        13.6821     0.00859885
        13.6971     0.00849308
        13.7121     0.00840122
        13.7271     0.00832258
        13.7421      0.0082564
        13.7571     0.00820172
        13.7721     0.00815741
        13.7871      0.0081221
        13.8021     0.00809416
        13.8171     0.00807169
        13.8321     0.00805253
        13.8471     0.00803427
        13.8621     0.00801438
        13.8771     0.00799026
        13.8921     0.00795941
        13.9071     0.00791965
        13.9221     0.00786921
        13.9371     0.00780698
        13.9521     0.00773252
        13.9671     0.00764614
        13.9821     0.00754888
        13.9971     0.00744232
        14.0121     0.00732852
        14.0271     0.00720976
        14.0421     0.00708841
        14.0571     0.00696679
        14.0721       0.006847
        14.0871     0.00673092
        14.1021     0.00662012
        14.1171     0.00651587
        14.1321     0.00641915
        14.1471     0.00633068
        14.1621     0.00625094
        14.1771     0.00618017
        14.1921     0.00611844
        14.2071     0.00606563
        14.2221     0.00602141
        14.2371      0.0059853
        14.2521     0.00595661
        14.2671     0.00593445
        14.2821     0.00591769
        14.2971       0.005905
        14.3121     0.00589485
        14.3271      0.0058855
        14.3421     0.00587511
        14.3571     0.00586178
        14.3721     0.00584369
        14.3871     0.00581922
        14.4021     0.00578706
        14.4171     0.00574635
        14.4321     0.00569673
        14.4471     0.00563839
        14.4621       0.005572
        14.4771      0.0054987
        14.4921     0.00541992
        14.5071      0.0053373
        14.5221     0.00525253
        14.5371     0.00516726
        14.5521     0.00508303
        14.5671     0.00500119
        14.5821     0.00492291
        14.5971     0.00484913
        14.6121     0.00478062
        14.6271     0.00471797
        14.6421     0.00466163
        14.6571     0.00461194
        14.6721     0.00456915
        14.6871     0.00453342
        14.7021     0.00450488
        14.7171     0.00448363
        14.7321     0.00446971
        14.7471     0.00446316
        14.7621     0.00446399
        14.7771     0.00447216
        14.7921     0.00448759
        14.8071     0.00451014
        14.8221     0.00453958
        14.8371     0.00457555
        14.8521     0.00461757
        14.8671     0.00466495
        14.8821     0.00471678
        14.8971     0.00477193
        14.9121     0.00482896
        14.9271     0.00488618
        14.9421     0.00494166
        14.9571     0.00499326
        14.9721     0.00503876
        14.9871     0.00507597
        15.0021      0.0051029
        15.0171     0.00511793
        15.0321     0.00511995
        15.0471     0.00510849
        15.0621     0.00508375
        15.0771     0.00504662
        15.0921     0.00499855
        15.1071     0.00494148
        15.1221      0.0048776
        15.1371     0.00480922
        15.1521     0.00473864
        15.1671     0.00466798
        15.1821     0.00459914
        15.1971     0.00453373
        15.2121     0.00447304
        15.2271     0.00441808
        15.2421     0.00436953
        15.2571     0.00432782
        15.2721      0.0042931
        15.2871     0.00426528
        15.3021     0.00424403
        15.3171     0.00422876
        15.3321     0.00421867
        15.3471     0.00421271
        15.3621      0.0042096
        15.3771      0.0042079
        15.3921       0.004206
        15.4071     0.00420222
        15.4221     0.00419488
        15.4371     0.00418245
        15.4521     0.00416364
        15.4671     0.00413749
        15.4821     0.00410349
        15.4971     0.00406161
        15.5121     0.00401225
        15.5271     0.00395627
        15.5421     0.00389482
        15.5571     0.00382928
        15.5721     0.00376111
        15.5871     0.00369177
        15.6021     0.00362265
        15.6171     0.00355498
        15.6321      0.0034898
        15.6471       0.003428
        15.6621     0.00337024
        15.6771     0.00331704
        15.6921     0.00326876
        15.7071     0.00322562
        15.7221     0.00318771
        15.7371     0.00315504
        15.7521      0.0031275
        15.7671      0.0031049
        15.7821     0.00308695
        15.7971     0.00307325
        15.8121     0.00306329
        15.8271     0.00305647
        15.8421     0.00305206
        15.8571     0.00304919
        15.8721     0.00304693
        15.8871     0.00304426
        15.9021     0.00304013
        15.9171     0.00303353
        15.9321     0.00302352
        15.9471     0.00300936
        15.9621     0.00299051
        15.9771     0.00296673
        15.9921     0.00293806
        16.0071     0.00290482
        16.0221     0.00286758
        16.0371     0.00282709
        16.0521     0.00278422
        16.0671     0.00273988
        16.0821     0.00269497
        16.0971     0.00265032
        16.1121     0.00260669
        16.1271     0.00256469
        16.1421     0.00252484
        16.1571     0.00248756
        16.1721     0.00245314
        16.1871     0.00242181
        16.2021     0.00239369
        16.2171     0.00236887
        16.2321     0.00234737
        16.2471     0.00232915
        16.2621     0.00231414
        16.2771     0.00230222
        16.2921     0.00229319
        16.3071     0.00228684
        16.3221     0.00228287
        16.3371     0.00228093
        16.3521     0.00228057
        16.3671     0.00228129
        16.3821     0.00228252
        16.3971     0.00228363
        16.4121     0.00228397
        16.4271     0.00228288
        16.4421     0.00227975
        16.4571     0.00227408
        16.4721     0.00226546
        16.4871      0.0022537
        16.5021     0.00223875
        16.5171     0.00222077
        16.5321      0.0022001
        16.5471     0.00217719
        16.5621     0.00215259
        16.5771     0.00212691
        16.5921     0.00210075
        16.6071     0.00207469
        16.6221     0.00204925
        16.6371     0.00202489
        16.6521     0.00200199
        16.6671     0.00198087
        16.6821     0.00196177
        16.6971      0.0019449
        16.7121      0.0019304
        16.7271     0.00191837
        16.7421      0.0019089
        16.7571     0.00190204
        16.7721     0.00189781
        16.7871     0.00189624
        16.8021     0.00189732
        16.8171     0.00190103
        16.8321      0.0019073
        16.8471     0.00191607
        16.8621     0.00192721
        16.8771     0.00194055
        16.8921     0.00195585
        16.9071     0.00197282
        16.9221     0.00199107
        16.9371     0.00201012
        16.9521     0.00202942
        16.9671     0.00204833
        16.9821     0.00206616
        16.9971     0.00208218
        17.0121     0.00209571
        17.0271     0.00210609
        17.0421     0.00211284
        17.0571     0.00211562
        17.0721      0.0021143
        17.0871     0.00210898
        17.1021     0.00209999
        17.1171     0.00208783
        17.1321     0.00207315
        17.1471     0.00205669
        17.1621     0.00203924
        17.1771     0.00202154
        17.1921     0.00200433
        17.2071     0.00198824
        17.2221     0.00197381
        17.2371     0.00196149
        17.2521     0.00195164
        17.2671     0.00194452
        17.2821     0.00194029
        17.2971     0.00193904
        17.3121     0.00194077
        17.3271     0.00194539
        17.3421     0.00195272
        17.3571      0.0019625
        17.3721     0.00197434
        17.3871     0.00198778
        17.4021      0.0020022
        17.4171     0.00201693
        17.4321     0.00203118
        17.4471      0.0020441
        17.4621     0.00205483
        17.4771     0.00206255
        17.4921     0.00206653
        17.5071     0.00206618
        17.5221     0.00206113
        17.5371     0.00205128
        17.5521     0.00203673
        17.5671     0.00201788
        17.5821     0.00199528
        17.5971     0.00196965
        17.6121      0.0019418
        17.6271     0.00191256
        17.6421     0.00188272
        17.6571     0.00185303
        17.6721     0.00182415
        17.6871     0.00179661
        17.7021      0.0017709
        17.7171     0.00174735
        17.7321     0.00172626
        17.7471     0.00170784
        17.7621     0.00169223
        17.7771     0.00167954
        17.7921     0.00166982
        17.8071     0.00166312
        17.8221     0.00165942
        17.8371     0.00165872
        17.8521     0.00166094
        17.8671     0.00166602
        17.8821     0.00167382
        17.8971     0.00168417
        17.9121     0.00169684
        17.9271     0.00171154
        17.9421     0.00172788
        17.9571      0.0017454
        17.9721     0.00176356
        17.9871      0.0017817
        18.0021     0.00179913
        18.0171     0.00181511
        18.0321     0.00182888
        18.0471     0.00183974
        18.0621     0.00184711
        18.0771     0.00185054
        18.0921     0.00184979
        18.1071     0.00184487
        18.1221     0.00183599
        18.1371     0.00182357
        18.1521      0.0018082
        18.1671      0.0017906
        18.1821     0.00177153
        18.1971     0.00175176
        18.2121     0.00173202
        18.2271     0.00171298
        18.2421     0.00169518
        18.2571     0.00167909
        18.2721     0.00166506
        18.2871     0.00165332
        18.3021     0.00164401
        18.3171     0.00163716
        18.3321      0.0016327
        18.3471     0.00163045
        18.3621     0.00163013
        18.3771     0.00163137
        18.3921      0.0016337
        18.4071     0.00163655
        18.4221     0.00163928
        18.4371     0.00164122
        18.4521     0.00164166
        18.4671     0.00163993
        18.4821     0.00163543
        18.4971     0.00162771
        18.5121     0.00161645
        18.5271     0.00160155
        18.5421      0.0015831
        18.5571     0.00156136
        18.5721     0.00153676
        18.5871     0.00150983
        18.6021     0.00148117
        18.6171     0.00145138
        18.6321     0.00142104
        18.6471      0.0013907
        18.6621     0.00136081
        18.6771     0.00133175
        18.6921     0.00130384
        18.7071     0.00127731
        18.7221     0.00125233
        18.7371     0.00122902
        18.7521     0.00120745
        18.7671     0.00118766
        18.7821     0.00116966
        18.7971     0.00115344
        18.8121     0.00113898
        18.8271     0.00112625
        18.8421      0.0011152
        18.8571     0.00110578
        18.8721     0.00109794
        18.8871      0.0010916
        18.9021     0.00108669
        18.9171     0.00108312
        18.9321     0.00108078
        18.9471     0.00107954
        18.9621     0.00107924
        18.9771     0.00107969
        18.9921     0.00108069
        19.0071     0.00108199
        19.0221     0.00108333
        19.0371     0.00108443
        19.0521     0.00108502
        19.0671     0.00108484
        19.0821     0.00108368
        19.0971     0.00108138
        19.1121     0.00107783
        19.1271     0.00107305
        19.1421     0.00106709
        19.1571     0.00106009
        19.1721     0.00105228
        19.1871     0.00104388
        19.2021     0.00103516
        19.2171      0.0010264
        19.2321     0.00101782
        19.2471     0.00100967
        19.2621     0.00100212
        19.2771    0.000995319
        19.2921    0.000989374
        19.3071    0.000984341
        19.3221    0.000980236
        19.3371    0.000977028
        19.3521    0.000974645
        19.3671    0.000972967
        19.3821    0.000971835
        19.3971    0.000971046
        19.4121    0.000970362
        19.4271    0.000969521
        19.4421     0.00096824
        19.4571    0.000966241
        19.4721    0.000963265
        19.4871    0.000959092
        19.5021    0.000953561
        19.5171    0.000946584
        19.5321    0.000938151
        19.5471    0.000928331
        19.5621    0.000917262
        19.5771    0.000905137
        19.5921    0.000892183
        19.6071    0.000878643
        19.6221     0.00086476
        19.6371    0.000850758
        19.6521    0.000836839
        19.6671    0.000823174
        19.6821    0.000809902
        19.6971    0.000797131
        19.7121     0.00078494
        19.7271    0.000773386
        19.7421    0.000762504
        19.7571    0.000752311
        19.7721    0.000742814
        19.7871    0.000734008
        19.8021    0.000725882
        19.8171    0.000718416
        19.8321    0.000711589
        19.8471    0.000705372
        19.8621    0.000699737
        19.8771    0.000694646
        19.8921     0.00069006
        19.9071    0.000685934
        19.9221    0.000682215
        19.9371    0.000678844
        19.9521    0.000675753
        19.9671    0.000672868
        19.9821    0.000670107
        19.9971    0.000667386
        20.0121    0.000664617
        20.0271    0.000661717
        20.0421    0.000658614
        20.0571    0.000655246
        20.0721    0.000651573
        20.0871    0.000647574
        20.1021    0.000643254
        20.1171    0.000638638
        20.1321    0.000633768
        20.1471    0.000628701
        20.1621    0.000623503
        20.1771    0.000618242
        20.1921    0.000612984
        20.2071     0.00060779
        20.2221    0.000602714
        20.2371    0.000597802
        20.2521    0.000593092
        20.2671    0.000588611
        20.2821    0.000584382
        20.2971     0.00058042
        20.3121    0.000576737
        20.3271    0.000573337
        20.3421    0.000570224
        20.3571    0.000567399
        20.3721    0.000564859
        20.3871    0.000562599
        20.4021    0.000560614
        20.4171    0.000558894
        20.4321    0.000557427
        20.4471    0.000556196
        20.4621    0.000555182
        20.4771    0.000554359
        20.4921    0.000553694
        20.5071    0.000553149
        20.5221    0.000552677
        20.5371    0.000552227
        20.5521    0.000551739
        20.5671    0.000551152
        20.5821    0.000550404
        20.5971    0.000549436
        20.6121    0.000548197
        20.6271    0.000546649
        20.6421    0.000544771
        20.6571    0.000542556
        20.6721    0.000540019
        20.6871     0.00053719
        20.7021    0.000534114
        20.7171    0.000530843
        20.7321    0.000527437
        20.7471    0.000523954
        20.7621    0.000520453
        20.7771    0.000516984
        20.7921    0.000513592
        20.8071    0.000510316
        20.8221    0.000507187
        20.8371    0.000504226
        20.8521    0.000501453
        20.8671    0.000498878
        20.8821    0.000496509
        20.8971     0.00049435
        20.9121    0.000492399
        20.9271    0.000490652
        20.9421    0.000489102
        20.9571    0.000487737
        20.9721    0.000486543
        20.9871    0.000485498
        21.0021    0.000484579
        21.0171    0.000483757
        21.0321    0.000482996
        21.0471    0.000482258
        21.0621    0.000481499
        21.0771    0.000480677
        21.0921    0.000479745
        21.1071    0.000478665
        21.1221    0.000477402
        21.1371    0.000475931
        21.1521    0.000474238
        21.1671    0.000472324
        21.1821    0.000470201
        21.1971     0.00046789
        21.2121    0.000465425
        21.2271    0.000462842
        21.2421    0.000460181
        21.2571    0.000457484
        21.2721    0.000454788
        21.2871    0.000452127
        21.3021     0.00044953
        21.3171    0.000447023
        21.3321    0.000444623
        21.3471    0.000442348
        21.3621    0.000440207
        21.3771    0.000438208
        21.3921    0.000436357
        21.4071    0.000434656
        21.4221    0.000433105
        21.4371    0.000431704
        21.4521     0.00043045
        21.4671    0.000429336
        21.4821    0.000428358
        21.4971    0.000427504
        21.5121    0.000426764
        21.5271    0.000426121
        21.5421    0.000425556
        21.5571    0.000425046
        21.5721    0.000424565
        21.5871    0.000424081
        21.6021    0.000423562
        21.6171    0.000422971
        21.6321    0.000422275
        21.6471    0.000421442
        21.6621    0.000420445
