     peaks (eV)      intensity
       -8.32291     0.00183867
       -8.30791     0.00184795
       -8.29291      0.0018573
       -8.27791     0.00186673
       -8.26291     0.00187623
       -8.24791     0.00188581
       -8.23291     0.00189547
       -8.21791     0.00190521
       -8.20291     0.00191502
       -8.18791     0.00192492
       -8.17291      0.0019349
       -8.15791     0.00194497
       -8.14291     0.00195511
       -8.12791     0.00196534
       -8.11291     0.00197566
       -8.09791     0.00198607
       -8.08291     0.00199656
       -8.06791     0.00200714
       -8.05291     0.00201781
       -8.03791     0.00202857
       -8.02291     0.00203942
       -8.00791     0.00205037
       -7.99291     0.00206141
       -7.97791     0.00207254
       -7.96291     0.00208377
       -7.94791      0.0020951
       -7.93291     0.00210653
       -7.91791     0.00211806
       -7.90291     0.00212969
       -7.88791     0.00214142
       -7.87291     0.00215325
       -7.85791     0.00216519
       -7.84291     0.00217724
       -7.82791     0.00218939
       -7.81291     0.00220166
       -7.79791     0.00221403
       -7.78291     0.00222651
       -7.76791     0.00223911
       -7.75291     0.00225183
       -7.73791     0.00226465
       -7.72291      0.0022776
       -7.70791     0.00229067
       -7.69291     0.00230385
       -7.67791     0.00231716
       -7.66291     0.00233059
       -7.64791     0.00234415
       -7.63291     0.00235783
       -7.61791     0.00237165
       -7.60291     0.00238559
       -7.58791     0.00239967
       -7.57291     0.00241388
       -7.55791     0.00242822
       -7.54291     0.00244271
       -7.52791     0.00245733
       -7.51291     0.00247209
       -7.49791       0.002487
       -7.48291     0.00250205
       -7.46791     0.00251725
       -7.45291      0.0025326
       -7.43791      0.0025481
       -7.42291     0.00256375
       -7.40791     0.00257956
       -7.39291     0.00259552
       -7.37791     0.00261165
       -7.36291     0.00262793
       -7.34791     0.00264439
       -7.33291       0.002661
       -7.31791     0.00267779
       -7.30291     0.00269475
       -7.28791     0.00271189
       -7.27291      0.0027292
       -7.25791     0.00274668
       -7.24291     0.00276435
       -7.22791     0.00278221
       -7.21291     0.00280025
       -7.19791     0.00281848
       -7.18291     0.00283691
       -7.16791     0.00285553
       -7.15291     0.00287435
       -7.13791     0.00289337
       -7.12291     0.00291259
       -7.10791     0.00293203
       -7.09291     0.00295167
       -7.07791     0.00297153
       -7.06291      0.0029916
       -7.04791      0.0030119
       -7.03291     0.00303242
       -7.01791     0.00305317
       -7.00291     0.00307415
       -6.98791     0.00309536
       -6.97291     0.00311682
       -6.95791     0.00313851
       -6.94291     0.00316045
       -6.92791     0.00318265
       -6.91291     0.00320509
       -6.89791      0.0032278
       -6.88291     0.00325077
       -6.86791       0.003274
       -6.85291     0.00329751
       -6.83791     0.00332129
       -6.82291     0.00334536
       -6.80791     0.00336971
       -6.79291     0.00339434
       -6.77791     0.00341928
       -6.76291     0.00344451
       -6.74791     0.00347005
       -6.73291     0.00349591
       -6.71791     0.00352207
       -6.70291     0.00354856
       -6.68791     0.00357538
       -6.67291     0.00360252
       -6.65791     0.00363001
       -6.64291     0.00365784
       -6.62791     0.00368602
       -6.61291     0.00371456
       -6.59791     0.00374347
       -6.58291     0.00377274
       -6.56791     0.00380239
       -6.55291     0.00383243
       -6.53791     0.00386285
       -6.52291     0.00389368
       -6.50791     0.00392491
       -6.49291     0.00395655
       -6.47791     0.00398862
       -6.46291     0.00402111
       -6.44791     0.00405404
       -6.43291     0.00408742
       -6.41791     0.00412125
       -6.40291     0.00415555
       -6.38791     0.00419032
       -6.37291     0.00422557
       -6.35791     0.00426131
       -6.34291     0.00429756
       -6.32791     0.00433431
       -6.31291     0.00437159
       -6.29791      0.0044094
       -6.28291     0.00444775
       -6.26791     0.00448666
       -6.25291     0.00452613
       -6.23791     0.00456618
       -6.22291     0.00460683
       -6.20791     0.00464807
       -6.19291     0.00468993
       -6.17791     0.00473242
       -6.16291     0.00477555
       -6.14791     0.00481934
       -6.13291     0.00486379
       -6.11791     0.00490894
       -6.10291     0.00495478
       -6.08791     0.00500134
       -6.07291     0.00504863
       -6.05791     0.00509667
       -6.04291     0.00514548
       -6.02791     0.00519507
       -6.01291     0.00524546
       -5.99791     0.00529668
       -5.98291     0.00534873
       -5.96791     0.00540164
       -5.95291     0.00545544
       -5.93791     0.00551013
       -5.92291     0.00556575
       -5.90791     0.00562232
       -5.89291     0.00567985
       -5.87791     0.00573838
       -5.86291     0.00579792
       -5.84791     0.00585851
       -5.83291     0.00592017
       -5.81791     0.00598293
       -5.80291     0.00604681
       -5.78791     0.00611185
       -5.77291     0.00617808
       -5.75791     0.00624552
       -5.74291     0.00631421
       -5.72791     0.00638419
       -5.71291     0.00645548
       -5.69791     0.00652813
       -5.68291     0.00660217
       -5.66791     0.00667763
       -5.65291     0.00675457
       -5.63791     0.00683303
       -5.62291     0.00691304
       -5.60791     0.00699464
       -5.59291      0.0070779
       -5.57791     0.00716285
       -5.56291     0.00724955
       -5.54791     0.00733805
       -5.53291      0.0074284
       -5.51791     0.00752066
       -5.50291     0.00761489
       -5.48791     0.00771115
       -5.47291     0.00780951
       -5.45791     0.00791002
       -5.44291     0.00801277
       -5.42791     0.00811782
       -5.41291     0.00822525
       -5.39791     0.00833514
       -5.38291     0.00844757
       -5.36791     0.00856262
       -5.35291      0.0086804
       -5.33791     0.00880098
       -5.32291     0.00892447
       -5.30791     0.00905098
       -5.29291     0.00918061
       -5.27791     0.00931347
       -5.26291     0.00944969
       -5.24791     0.00958938
       -5.23291     0.00973268
       -5.21791     0.00987973
       -5.20291      0.0100307
       -5.18791      0.0101857
       -5.17291      0.0103448
       -5.15791      0.0105084
       -5.14291      0.0106765
       -5.12791      0.0108494
       -5.11291      0.0110271
       -5.09791      0.0112101
       -5.08291      0.0113983
       -5.06791      0.0115922
       -5.05291      0.0117919
       -5.03791      0.0119978
       -5.02291        0.01221
       -5.00791      0.0124288
       -4.99291      0.0126547
       -4.97791      0.0128879
       -4.96291      0.0131287
       -4.94791      0.0133776
       -4.93291      0.0136349
       -4.91791      0.0139011
       -4.90291      0.0141766
       -4.88791      0.0144619
       -4.87291      0.0147575
       -4.85791      0.0150639
       -4.84291      0.0153818
       -4.82791      0.0157118
       -4.81291      0.0160546
       -4.79791      0.0164108
       -4.78291      0.0167813
       -4.76791      0.0171669
       -4.75291      0.0175684
       -4.73791      0.0179869
       -4.72291      0.0184233
       -4.70791      0.0188788
       -4.69291      0.0193546
       -4.67791      0.0198518
       -4.66291      0.0203719
       -4.64791      0.0209162
       -4.63291      0.0214864
       -4.61791      0.0220839
       -4.60291      0.0227106
       -4.58791      0.0233681
       -4.57291      0.0240584
       -4.55791      0.0247833
       -4.54291      0.0255448
       -4.52791      0.0263448
       -4.51291      0.0271854
       -4.49791      0.0280682
       -4.48291      0.0289952
       -4.46791      0.0299679
       -4.45291      0.0309878
       -4.43791      0.0320559
       -4.42291      0.0331734
       -4.40791      0.0343409
       -4.39291      0.0355589
       -4.37791       0.036828
       -4.36291      0.0381488
       -4.34791      0.0395219
       -4.33291      0.0409487
       -4.31791      0.0424308
       -4.30291      0.0439707
       -4.28791      0.0455712
       -4.27291      0.0472359
       -4.25791      0.0489683
       -4.24291      0.0507717
       -4.22791      0.0526489
       -4.21291       0.054601
       -4.19791      0.0566273
       -4.18291      0.0587246
       -4.16791      0.0608869
       -4.15291      0.0631049
       -4.13791      0.0653663
       -4.12291      0.0676563
       -4.10791      0.0699584
       -4.09291      0.0722555
       -4.07791      0.0745318
       -4.06291      0.0767746
       -4.04791       0.078976
       -4.03291      0.0811343
       -4.01791      0.0832555
       -4.00291      0.0853536
       -3.98791        0.08745
       -3.97291      0.0895728
       -3.95791      0.0917555
       -3.94291      0.0940352
       -3.92791      0.0964509
       -3.91291      0.0990416
       -3.89791       0.101846
       -3.88291       0.104899
       -3.86791       0.108233
       -3.85291       0.111878
       -3.83791       0.115858
       -3.82291       0.120191
       -3.80791       0.124891
       -3.79291       0.129965
       -3.77791       0.135412
       -3.76291       0.141222
       -3.74791       0.147375
       -3.73291       0.153841
       -3.71791       0.160577
       -3.70291       0.167529
       -3.68791       0.174628
       -3.67291       0.181791
       -3.65791       0.188925
       -3.64291       0.195924
       -3.62791       0.202669
       -3.61291       0.209036
       -3.59791       0.214893
       -3.58291       0.220104
       -3.56791       0.224539
       -3.55291       0.228074
       -3.53791       0.230599
       -3.52291       0.232031
       -3.50791       0.232312
       -3.49291       0.231425
       -3.47791       0.229388
       -3.46291       0.226258
       -3.44791       0.222129
       -3.43291       0.217121
       -3.41791       0.211374
       -3.40291       0.205041
       -3.38791       0.198273
       -3.37291       0.191215
       -3.35791       0.184002
       -3.34291       0.176751
       -3.32791       0.169561
       -3.31291       0.162516
       -3.29791        0.15568
       -3.28291       0.149102
       -3.26791       0.142819
       -3.25291       0.136857
       -3.23791       0.131234
       -3.22291       0.125958
       -3.20791       0.121034
       -3.19291       0.116459
       -3.17791        0.11223
       -3.16291       0.108338
       -3.14791       0.104772
       -3.13291        0.10152
       -3.11791      0.0985683
       -3.10291      0.0959014
       -3.08791      0.0935038
       -3.07291      0.0913596
       -3.05791      0.0894525
       -3.04291      0.0877661
       -3.02791      0.0862842
       -3.01291      0.0849902
       -2.99791      0.0838679
       -2.98291      0.0829007
       -2.96791      0.0820725
       -2.95291      0.0813674
       -2.93791        0.08077
       -2.92291      0.0802665
       -2.90791      0.0798446
       -2.89291      0.0794939
       -2.87791       0.079207
       -2.86291      0.0789785
       -2.84791      0.0788056
       -2.83291      0.0786868
       -2.81791      0.0786221
       -2.80291       0.078611
       -2.78791       0.078653
       -2.77291      0.0787463
       -2.75791       0.078888
       -2.74291       0.079074
       -2.72791      0.0792999
       -2.71291      0.0795614
       -2.69791       0.079855
       -2.68291      0.0801789
       -2.66791      0.0805336
       -2.65291      0.0809212
       -2.63791      0.0813462
       -2.62291      0.0818142
       -2.60791      0.0823314
       -2.59291       0.082904
       -2.57791      0.0835375
       -2.56291      0.0842367
       -2.54791      0.0850054
       -2.53291      0.0858467
       -2.51791      0.0867639
       -2.50291       0.087761
       -2.48791      0.0888433
       -2.47291      0.0900179
       -2.45791       0.091294
       -2.44291       0.092683
       -2.42791      0.0941979
       -2.41291       0.095853
       -2.39791      0.0976636
       -2.38291      0.0996452
       -2.36791       0.101814
       -2.35291       0.104184
       -2.33791       0.106773
       -2.32291       0.109595
       -2.30791       0.112667
       -2.29291       0.116004
       -2.27791       0.119625
       -2.26291       0.123546
       -2.24791       0.127786
       -2.23291       0.132362
       -2.21791       0.137292
       -2.20291       0.142592
       -2.18791       0.148277
       -2.17291       0.154359
       -2.15791       0.160847
       -2.14291       0.167747
       -2.12791       0.175062
       -2.11291        0.18279
       -2.09791       0.190927
       -2.08291       0.199469
       -2.06791       0.208406
       -2.05291       0.217731
       -2.03791       0.227435
       -2.02291       0.237506
       -2.00791       0.247927
       -1.99291       0.258676
       -1.97791       0.269719
       -1.96291       0.281004
       -1.94791        0.29246
       -1.93291       0.303994
       -1.91791        0.31549
       -1.90291        0.32681
       -1.88791       0.337801
       -1.87291       0.348301
       -1.85791       0.358147
       -1.84291       0.367185
       -1.82791       0.375276
       -1.81291         0.3823
       -1.79791       0.388157
       -1.78291       0.392766
       -1.76791       0.396064
       -1.75291          0.398
       -1.73791       0.398542
       -1.72291       0.397677
       -1.70791       0.395416
       -1.69291       0.391805
       -1.67791       0.386925
       -1.66291       0.380897
       -1.64791       0.373877
       -1.63291       0.366047
       -1.61791       0.357604
       -1.60291       0.348747
       -1.58791       0.339664
       -1.57291       0.330518
       -1.55791       0.321446
       -1.54291       0.312549
       -1.52791       0.303895
       -1.51291       0.295524
       -1.49791       0.287451
       -1.48291       0.279674
       -1.46791       0.272184
       -1.45291       0.264968
       -1.43791       0.258018
       -1.42291       0.251331
       -1.40791       0.244911
       -1.39291       0.238769
       -1.37791       0.232915
       -1.36291       0.227362
       -1.34791       0.222117
       -1.33291       0.217181
       -1.31791       0.212545
       -1.30291       0.208196
       -1.28791       0.204113
       -1.27291       0.200271
       -1.25791       0.196647
       -1.24291       0.193221
       -1.22791       0.189982
       -1.21291       0.186925
       -1.19791       0.184058
       -1.18291       0.181394
       -1.16791       0.178958
       -1.15291       0.176775
       -1.13791       0.174872
       -1.12291       0.173274
       -1.10791          0.172
       -1.09291       0.171062
       -1.07791        0.17046
       -1.06291       0.170184
       -1.04791       0.170212
       -1.03291        0.17051
       -1.01791       0.171032
       -1.00291       0.171723
      -0.987912       0.172521
      -0.972912       0.173359
      -0.957912       0.174172
      -0.942912         0.1749
      -0.927912       0.175489
      -0.912912         0.1759
      -0.897912       0.176104
      -0.882912       0.176087
      -0.867912       0.175843
      -0.852912       0.175373
      -0.837912       0.174683
      -0.822912       0.173774
      -0.807912       0.172647
      -0.792912       0.171298
      -0.777912       0.169721
      -0.762912       0.167911
      -0.747912       0.165869
      -0.732912         0.1636
      -0.717912       0.161123
      -0.702912       0.158466
      -0.687912       0.155668
      -0.672912       0.152776
      -0.657912       0.149837
      -0.642912       0.146901
      -0.627912       0.144011
      -0.612912       0.141202
      -0.597912       0.138498
      -0.582912        0.13591
      -0.567912       0.133437
      -0.552912       0.131068
      -0.537912        0.12878
      -0.522912       0.126548
      -0.507912       0.124341
      -0.492912       0.122132
      -0.477912       0.119897
      -0.462912       0.117621
      -0.447912       0.115299
      -0.432912       0.112935
      -0.417912       0.110545
      -0.402912       0.108151
      -0.387912       0.105777
      -0.372912       0.103455
      -0.357912        0.10121
      -0.342912      0.0990679
      -0.327912      0.0970472
      -0.312912      0.0951606
      -0.297912      0.0934138
      -0.282912       0.091805
      -0.267912      0.0903254
      -0.252912        0.08896
      -0.237912      0.0876884
      -0.222912      0.0864865
      -0.207912      0.0853284
      -0.192912      0.0841884
      -0.177912      0.0830433
      -0.162912      0.0818744
      -0.147912      0.0806693
      -0.132912      0.0794228
      -0.117912      0.0781373
      -0.102912      0.0768217
     -0.0879124      0.0754905
     -0.0729124      0.0741619
     -0.0579124      0.0728556
     -0.0429124       0.071591
     -0.0279124       0.070386
     -0.0129124      0.0692549
     0.00208763      0.0682083
      0.0170876      0.0672527
      0.0320876      0.0663897
      0.0470876       0.065617
      0.0620876      0.0649285
      0.0770876      0.0643151
      0.0920876      0.0637657
       0.107088      0.0632685
       0.122088       0.062812
       0.137088      0.0623862
       0.152088       0.061984
       0.167088      0.0616019
       0.182088      0.0612398
       0.197088      0.0609017
       0.212088      0.0605942
       0.227088       0.060326
       0.242088      0.0601067
       0.257088      0.0599449
       0.272088      0.0598478
       0.287088      0.0598194
       0.302088        0.05986
       0.317088      0.0599654
       0.332088      0.0601271
       0.347088      0.0603316
       0.362088      0.0605616
       0.377088      0.0607965
       0.392088      0.0610135
       0.407088      0.0611896
       0.422088      0.0613036
       0.437088      0.0613377
       0.452088      0.0612796
       0.467088      0.0611235
       0.482088      0.0608707
       0.497088      0.0605294
       0.512088      0.0601132
       0.527088      0.0596399
       0.542088      0.0591287
       0.557088      0.0585988
       0.572088       0.058067
       0.587088      0.0575463
       0.602088      0.0570448
       0.617088      0.0565654
       0.632088      0.0561057
       0.647088      0.0556583
       0.662088      0.0552126
       0.677088      0.0547553
       0.692088      0.0542728
       0.707088      0.0537526
       0.722088      0.0531851
       0.737088       0.052565
       0.752088      0.0518918
       0.767088      0.0511703
       0.782088      0.0504098
       0.797088      0.0496232
       0.812088      0.0488256
       0.827088      0.0480328
       0.842088      0.0472598
       0.857088      0.0465199
       0.872088      0.0458235
       0.887088      0.0451776
       0.902088      0.0445854
       0.917088      0.0440465
       0.932088      0.0435567
       0.947088      0.0431085
       0.962088      0.0426919
       0.977088      0.0422949
       0.992088      0.0419047
        1.00709      0.0415088
        1.02209      0.0410961
        1.03709       0.040658
        1.05209      0.0401892
        1.06709      0.0396884
        1.08209      0.0391579
        1.09709      0.0386035
        1.11209      0.0380339
        1.12709      0.0374592
        1.14209      0.0368902
        1.15709      0.0363376
        1.17209      0.0358107
        1.18709      0.0353169
        1.20209      0.0348614
        1.21709      0.0344469
        1.23209      0.0340733
        1.24709      0.0337383
        1.26209      0.0334368
        1.27709       0.033162
        1.29209      0.0329054
        1.30709       0.032658
        1.32209      0.0324101
        1.33709      0.0321532
        1.35209      0.0318801
        1.36709      0.0315859
        1.38209      0.0312683
        1.39709      0.0309281
        1.41209      0.0305687
        1.42709       0.030196
        1.44209      0.0298177
        1.45709      0.0294425
        1.47209      0.0290795
        1.48709      0.0287374
        1.50209      0.0284243
        1.51709      0.0281472
        1.53209      0.0279115
        1.54709      0.0277214
        1.56209      0.0275794
        1.57709      0.0274866
        1.59209      0.0274425
        1.60709      0.0274449
        1.62209      0.0274902
        1.63709      0.0275734
        1.65209       0.027688
        1.66709       0.027826
        1.68209      0.0279788
        1.69709       0.028137
        1.71209      0.0282915
        1.72709      0.0284335
        1.74209      0.0285561
        1.75709      0.0286541
        1.77209      0.0287251
        1.78709      0.0287697
        1.80209      0.0287911
        1.81709      0.0287953
        1.83209      0.0287901
        1.84709      0.0287844
        1.86209      0.0287877
        1.87709      0.0288088
        1.89209      0.0288556
        1.90709      0.0289341
        1.92209      0.0290483
        1.93709      0.0291998
        1.95209      0.0293874
        1.96709      0.0296074
        1.98209      0.0298532
        1.99709      0.0301159
        2.01209      0.0303842
        2.02709      0.0306456
        2.04209      0.0308864
        2.05709      0.0310932
        2.07209      0.0312542
        2.08709      0.0313596
        2.10209      0.0314034
        2.11709      0.0313834
        2.13209      0.0313019
        2.14709      0.0311653
        2.16209      0.0309834
        2.17709      0.0307684
        2.19209      0.0305339
        2.20709      0.0302937
        2.22209      0.0300606
        2.23709      0.0298457
        2.25209      0.0296576
        2.26709      0.0295024
        2.28209       0.029383
        2.29709      0.0292989
        2.31209      0.0292471
        2.32709      0.0292212
        2.34209      0.0292125
        2.35709      0.0292105
        2.37209      0.0292032
        2.38709      0.0291781
        2.40209      0.0291236
        2.41709      0.0290297
        2.43209      0.0288889
        2.44709      0.0286973
        2.46209      0.0284548
        2.47709      0.0281648
        2.49209      0.0278343
        2.50709      0.0274728
        2.52209      0.0270914
        2.53709      0.0267017
        2.55209      0.0263152
        2.56709      0.0259424
        2.58209      0.0255918
        2.59709      0.0252703
        2.61209      0.0249821
        2.62709      0.0247295
        2.64209      0.0245121
        2.65709      0.0243274
        2.67209      0.0241709
        2.68709      0.0240363
        2.70209      0.0239161
        2.71709      0.0238018
        2.73209      0.0236846
        2.74709      0.0235564
        2.76209      0.0234102
        2.77709       0.023241
        2.79209      0.0230458
        2.80709      0.0228247
        2.82209        0.02258
        2.83709      0.0223164
        2.85209      0.0220403
        2.86709      0.0217593
        2.88209      0.0214814
        2.89709      0.0212145
        2.91209      0.0209657
        2.92709      0.0207411
        2.94209      0.0205456
        2.95709      0.0203823
        2.97209       0.020253
        2.98709      0.0201576
        3.00209      0.0200946
        3.01709      0.0200605
        3.03209      0.0200504
        3.04709       0.020058
        3.06209      0.0200753
        3.07709      0.0200937
        3.09209      0.0201037
        3.10709       0.020096
        3.12209      0.0200617
        3.13709      0.0199935
        3.15209      0.0198859
        3.16709       0.019736
        3.18209      0.0195436
        3.19709      0.0193112
        3.21209      0.0190436
        3.22709      0.0187478
        3.24209      0.0184318
        3.25709      0.0181041
        3.27209      0.0177734
        3.28709      0.0174474
        3.30209      0.0171334
        3.31709      0.0168371
        3.33209      0.0165632
        3.34709      0.0163148
        3.36209      0.0160942
        3.37709      0.0159019
        3.39209      0.0157378
        3.40709      0.0156002
        3.42209      0.0154867
        3.43709      0.0153938
        3.45209      0.0153173
        3.46709      0.0152521
        3.48209      0.0151929
        3.49709      0.0151341
        3.51209      0.0150704
        3.52709      0.0149969
        3.54209      0.0149098
        3.55709      0.0148068
        3.57209      0.0146868
        3.58709      0.0145504
        3.60209      0.0143997
        3.61709       0.014238
        3.63209      0.0140695
        3.64709      0.0138989
        3.66209       0.013731
        3.67709      0.0135702
        3.69209      0.0134208
        3.70709      0.0132862
        3.72209       0.013169
        3.73709      0.0130711
        3.75209      0.0129934
        3.76709      0.0129361
        3.78209      0.0128982
        3.79709      0.0128781
        3.81209      0.0128734
        3.82709      0.0128808
        3.84209      0.0128962
        3.85709      0.0129152
        3.87209      0.0129329
        3.88709      0.0129445
        3.90209      0.0129453
        3.91709      0.0129316
        3.93209      0.0129005
        3.94709      0.0128504
        3.96209      0.0127811
        3.97709       0.012694
        3.99209      0.0125917
        4.00709      0.0124779
        4.02209      0.0123567
        4.03709      0.0122329
        4.05209      0.0121109
        4.06709      0.0119951
        4.08209      0.0118891
        4.09709      0.0117961
        4.11209      0.0117181
        4.12709      0.0116566
        4.14209      0.0116121
        4.15709      0.0115843
        4.17209      0.0115719
        4.18709       0.011573
        4.20209      0.0115848
        4.21709      0.0116036
        4.23209      0.0116253
        4.24709      0.0116455
        4.26209      0.0116594
        4.27709      0.0116626
        4.29209      0.0116511
        4.30709      0.0116218
        4.32209      0.0115727
        4.33709      0.0115033
        4.35209      0.0114144
        4.36709       0.011308
        4.38209      0.0111872
        4.39709      0.0110559
        4.41209      0.0109186
        4.42709      0.0107797
        4.44209      0.0106437
        4.45709      0.0105143
        4.47209      0.0103954
        4.48709      0.0102897
        4.50209      0.0101997
        4.51709      0.0101274
        4.53209      0.0100742
        4.54709      0.0100409
        4.56209      0.0100281
        4.57709      0.0100358
        4.59209      0.0100638
        4.60709      0.0101112
        4.62209      0.0101769
        4.63709      0.0102591
        4.65209      0.0103555
        4.66709      0.0104634
        4.68209      0.0105795
        4.69709      0.0106997
        4.71209      0.0108199
        4.72709      0.0109356
        4.74209      0.0110423
        4.75709      0.0111359
        4.77209      0.0112131
        4.78709      0.0112715
        4.80209      0.0113098
        4.81709      0.0113284
        4.83209      0.0113288
        4.84709      0.0113139
        4.86209      0.0112875
        4.87709      0.0112539
        4.89209      0.0112177
        4.90709      0.0111833
        4.92209      0.0111549
        4.93709      0.0111358
        4.95209      0.0111285
        4.96709      0.0111346
        4.98209      0.0111546
        4.99709       0.011188
        5.01209      0.0112333
        5.02709      0.0112878
        5.04209       0.011348
        5.05709      0.0114095
        5.07209      0.0114673
        5.08709      0.0115161
        5.10209      0.0115508
        5.11709      0.0115666
        5.13209      0.0115598
        5.14709      0.0115277
        5.16209      0.0114693
        5.17709      0.0113853
        5.19209      0.0112777
        5.20709      0.0111501
        5.22209      0.0110069
        5.23709      0.0108531
        5.25209       0.010694
        5.26709      0.0105347
        5.28209      0.0103798
        5.29709      0.0102333
        5.31209      0.0100986
        5.32709     0.00997815
        5.34209     0.00987366
        5.35709      0.0097861
        5.37209     0.00971565
        5.38709     0.00966177
        5.40209      0.0096232
        5.41709       0.009598
        5.43209      0.0095836
        5.44709     0.00957684
        5.46209     0.00957406
        5.47709     0.00957129
        5.49209     0.00956441
        5.50709     0.00954943
        5.52209     0.00952276
        5.53709     0.00948152
        5.55209     0.00942373
        5.56709     0.00934857
        5.58209     0.00925634
        5.59709     0.00914846
        5.61209     0.00902729
        5.62709     0.00889586
        5.64209     0.00875765
        5.65709     0.00861625
        5.67209     0.00847518
        5.68709      0.0083377
        5.70209     0.00820668
        5.71709     0.00808454
        5.73209     0.00797328
        5.74709     0.00787445
        5.76209     0.00778919
        5.77709     0.00771829
        5.79209     0.00766225
        5.80709     0.00762125
        5.82209     0.00759523
        5.83709     0.00758386
        5.85209     0.00758656
        5.86709     0.00760248
        5.88209     0.00763043
        5.89709     0.00766891
        5.91209     0.00771606
        5.92709     0.00776962
        5.94209     0.00782698
        5.95709     0.00788523
        5.97209     0.00794121
        5.98709      0.0079917
        6.00209     0.00803359
        6.01709      0.0080641
        6.03209     0.00808103
        6.04709     0.00808293
        6.06209     0.00806927
        6.07709     0.00804047
        6.09209     0.00799787
        6.10709     0.00794358
        6.12209     0.00788032
        6.13709     0.00781115
        6.15209     0.00773924
        6.16709     0.00766771
        6.18209     0.00759946
        6.19709     0.00753704
        6.21209     0.00748262
        6.22709     0.00743795
        6.24209      0.0074044
        6.25709     0.00738289
        6.27209     0.00737401
        6.28709     0.00737796
        6.30209     0.00739458
        6.31709     0.00742335
        6.33209     0.00746336
        6.34709     0.00751334
        6.36209     0.00757159
        6.37709       0.007636
        6.39209     0.00770408
        6.40709     0.00777301
        6.42209     0.00783975
        6.43709     0.00790115
        6.45209      0.0079542
        6.46709     0.00799621
        6.48209     0.00802507
        6.49709      0.0080394
        6.51209     0.00803876
        6.52709     0.00802362
        6.54209     0.00799537
        6.55709     0.00795614
        6.57209     0.00790865
        6.58709     0.00785592
        6.60209     0.00780111
        6.61709     0.00774725
        6.63209     0.00769715
        6.64709     0.00765323
        6.66209      0.0076175
        6.67709     0.00759151
        6.69209     0.00757632
        6.70709     0.00757253
        6.72209     0.00758028
        6.73709     0.00759922
        6.75209     0.00762856
        6.76709     0.00766705
        6.78209     0.00771296
        6.79709     0.00776414
        6.81209     0.00781805
        6.82709     0.00787186
        6.84209     0.00792256
        6.85709     0.00796715
        6.87209     0.00800282
        6.88709     0.00802721
        6.90209     0.00803859
        6.91709     0.00803605
        6.93209     0.00801956
        6.94709     0.00798997
        6.96209     0.00794896
        6.97709     0.00789882
        6.99209     0.00784229
        7.00709     0.00778231
        7.02209     0.00772185
        7.03709     0.00766373
        7.05209     0.00761051
        7.06709     0.00756443
        7.08209     0.00752737
        7.09709     0.00750086
        7.11209     0.00748609
        7.12709     0.00748393
        7.14209     0.00749498
        7.15709     0.00751958
        7.17209     0.00755779
        7.18709     0.00760943
        7.20209     0.00767404
        7.21709     0.00775086
        7.23209     0.00783881
        7.24709     0.00793643
        7.26209     0.00804185
        7.27709     0.00815279
        7.29209     0.00826656
        7.30709      0.0083801
        7.32209      0.0084901
        7.33709     0.00859312
        7.35209     0.00868585
        7.36709      0.0087653
        7.38209      0.0088291
        7.39709     0.00887566
        7.41209     0.00890444
        7.42709      0.0089159
        7.44209     0.00891153
        7.45709     0.00889372
        7.47209     0.00886548
        7.48709     0.00883025
        7.50209     0.00879165
        7.51709     0.00875319
        7.53209     0.00871819
        7.54709     0.00868957
        7.56209     0.00866987
        7.57709     0.00866115
        7.59209     0.00866502
        7.60709     0.00868266
        7.62209     0.00871483
        7.63709     0.00876191
        7.65209     0.00882384
        7.66709     0.00890021
        7.68209     0.00899014
        7.69709     0.00909235
        7.71209     0.00920507
        7.72709     0.00932604
        7.74209     0.00945251
        7.75709     0.00958131
        7.77209     0.00970888
        7.78709     0.00983147
        7.80209     0.00994532
        7.81709      0.0100469
        7.83209      0.0101332
        7.84709      0.0102021
        7.86209      0.0102523
        7.87709      0.0102838
        7.89209      0.0102977
        7.90709      0.0102961
        7.92209       0.010282
        7.93709      0.0102591
        7.95209      0.0102311
        7.96709      0.0102019
        7.98209      0.0101754
        7.99709       0.010155
        8.01209      0.0101437
        8.02709      0.0101441
        8.04209      0.0101582
        8.05709      0.0101879
        8.07209      0.0102343
        8.08709      0.0102983
        8.10209      0.0103806
        8.11709      0.0104814
        8.13209      0.0106006
        8.14709      0.0107378
        8.16209      0.0108922
        8.17709      0.0110626
        8.19209      0.0112474
        8.20709      0.0114444
        8.22209       0.011651
        8.23709      0.0118638
        8.25209      0.0120793
        8.26709      0.0122934
        8.28209      0.0125018
        8.29709      0.0127003
        8.31209      0.0128851
        8.32709      0.0130532
        8.34209      0.0132023
        8.35709      0.0133316
        8.37209      0.0134416
        8.38709      0.0135341
        8.40209       0.013612
        8.41709      0.0136794
        8.43209      0.0137407
        8.44709      0.0138009
        8.46209      0.0138647
        8.47709      0.0139369
        8.49209      0.0140217
        8.50709      0.0141229
        8.52209      0.0142438
        8.53709      0.0143871
        8.55209      0.0145551
        8.56709      0.0147497
        8.58209      0.0149722
        8.59709      0.0152238
        8.61209      0.0155052
        8.62709      0.0158167
        8.64209      0.0161582
        8.65709      0.0165293
        8.67209       0.016929
        8.68709      0.0173556
        8.70209       0.017807
        8.71709      0.0182801
        8.73209      0.0187715
        8.74709      0.0192768
        8.76209      0.0197914
        8.77709      0.0203103
        8.79209      0.0208287
        8.80709      0.0213422
        8.82209      0.0218476
        8.83709      0.0223431
        8.85209      0.0228286
        8.86709      0.0233061
        8.88209      0.0237796
        8.89709       0.024255
        8.91209      0.0247397
        8.92709      0.0252422
        8.94209      0.0257717
        8.95709      0.0263375
        8.97209      0.0269491
        8.98709      0.0276154
        9.00209      0.0283449
        9.01709      0.0291457
        9.03209      0.0300251
        9.04709        0.03099
        9.06209      0.0320466
        9.07709      0.0332005
        9.09209      0.0344569
        9.10709      0.0358198
        9.12209      0.0372924
        9.13709      0.0388766
        9.15209      0.0405726
        9.16709      0.0423782
        9.18209      0.0442888
        9.19709       0.046296
        9.21209      0.0483878
        9.22709      0.0505473
        9.24209      0.0527529
        9.25709      0.0549778
        9.27209      0.0571908
        9.28709      0.0593569
        9.30209      0.0614395
        9.31709      0.0634021
        9.33209      0.0652119
        9.34709      0.0668422
        9.36209      0.0682758
        9.37709      0.0695066
        9.39209       0.070541
        9.40709      0.0713977
        9.42209      0.0721053
        9.43709      0.0727005
        9.45209      0.0732241
        9.46709      0.0737176
        9.48209      0.0742198
        9.49709      0.0747635
        9.51209       0.075374
        9.52709      0.0760664
        9.54209      0.0768451
        9.55709      0.0777032
        9.57209      0.0786222
        9.58709      0.0795733
        9.60209      0.0805181
        9.61709      0.0814112
        9.63209       0.082203
        9.64709      0.0828439
        9.66209      0.0832879
        9.67709      0.0834976
        9.69209      0.0834474
        9.70709      0.0831267
        9.72209      0.0825403
        9.73709      0.0817086
        9.75209      0.0806643
        9.76709      0.0794498
        9.78209      0.0781124
        9.79709      0.0767001
        9.81209      0.0752584
        9.82709      0.0738263
        9.84209      0.0724352
        9.85709      0.0711067
        9.87209      0.0698525
        9.88709      0.0686745
        9.90209      0.0675656
        9.91709      0.0665106
        9.93209      0.0654882
        9.94709      0.0644729
        9.96209      0.0634378
        9.97709      0.0623571
        9.99209      0.0612084
        10.0071      0.0599756
        10.0221      0.0586497
        10.0371        0.05723
        10.0521      0.0557239
        10.0671      0.0541453
        10.0821      0.0525133
        10.0971      0.0508502
        10.1121      0.0491794
        10.1271      0.0475236
        10.1421      0.0459039
        10.1571      0.0443384
        10.1721      0.0428422
        10.1871      0.0414273
        10.2021      0.0401025
        10.2171      0.0388742
        10.2321      0.0377463
        10.2471      0.0367209
        10.2621      0.0357987
        10.2771      0.0349793
        10.2921      0.0342614
        10.3071      0.0336431
        10.3221       0.033122
        10.3371      0.0326951
        10.3521      0.0323591
        10.3671      0.0321101
        10.3821      0.0319436
        10.3971      0.0318542
        10.4121      0.0318355
        10.4271      0.0318801
        10.4421      0.0319787
        10.4571      0.0321207
        10.4721      0.0322937
        10.4871       0.032484
        10.5021      0.0326762
        10.5171      0.0328544
        10.5321      0.0330028
        10.5471      0.0331066
        10.5621      0.0331529
        10.5771      0.0331324
        10.5921      0.0330395
        10.6071      0.0328734
        10.6221      0.0326376
        10.6371      0.0323402
        10.6521      0.0319924
        10.6671      0.0316078
        10.6821      0.0312014
        10.6971      0.0307882
        10.7121      0.0303828
        10.7271      0.0299984
        10.7421      0.0296467
        10.7571      0.0293378
        10.7721      0.0290796
        10.7871       0.028879
        10.8021       0.028741
        10.8171      0.0286697
        10.8321       0.028668
        10.8471      0.0287379
        10.8621      0.0288807
        10.8771      0.0290968
        10.8921      0.0293862
        10.9071      0.0297476
        10.9221      0.0301792
        10.9371      0.0306778
        10.9521       0.031239
        10.9671      0.0318568
        10.9821      0.0325235
        10.9971      0.0332294
        11.0121      0.0339631
        11.0271      0.0347114
        11.0421      0.0354599
        11.0571      0.0361935
        11.0721      0.0368977
        11.0871      0.0375591
        11.1021      0.0381676
        11.1171      0.0387165
        11.1321      0.0392042
        11.1471      0.0396342
        11.1621      0.0400151
        11.1771        0.04036
        11.1921      0.0406857
        11.2071      0.0410112
        11.2221      0.0413566
        11.2371       0.041742
        11.2521      0.0421863
        11.2671      0.0427067
        11.2821      0.0433179
        11.2971      0.0440321
        11.3121      0.0448585
        11.3271      0.0458029
        11.3421      0.0468679
        11.3571      0.0480523
        11.3721      0.0493506
        11.3871      0.0507525
        11.4021      0.0522428
        11.4171      0.0538001
        11.4321      0.0553975
        11.4471      0.0570016
        11.4621       0.058574
        11.4771      0.0600715
        11.4921      0.0614488
        11.5071      0.0626606
        11.5221      0.0636652
        11.5371      0.0644278
        11.5521      0.0649238
        11.5671      0.0651414
        11.5821      0.0650827
        11.5971       0.064764
        11.6121      0.0642137
        11.6271      0.0634702
        11.6421      0.0625781
        11.6571      0.0615849
        11.6721      0.0605378
        11.6871      0.0594811
        11.7021      0.0584541
        11.7171      0.0574903
        11.7321      0.0566164
        11.7471      0.0558526
        11.7621      0.0552126
        11.7771      0.0547038
        11.7921      0.0543277
        11.8071      0.0540802
        11.8221      0.0539516
        11.8371      0.0539273
        11.8521      0.0539876
        11.8671      0.0541087
        11.8821      0.0542629
        11.8971      0.0544201
        11.9121      0.0545493
        11.9271      0.0546204
        11.9421      0.0546065
        11.9571       0.054486
        11.9721      0.0542445
        11.9871      0.0538762
        12.0021      0.0533841
        12.0171      0.0527795
        12.0321      0.0520812
        12.0471      0.0513131
        12.0621      0.0505024
        12.0771      0.0496776
        12.0921      0.0488665
        12.1071      0.0480951
        12.1221      0.0473866
        12.1371      0.0467609
        12.1521      0.0462348
        12.1671      0.0458219
        12.1821      0.0455329
        12.1971      0.0453763
        12.2121      0.0453582
        12.2271      0.0454829
        12.2421      0.0457529
        12.2571      0.0461693
        12.2721      0.0467312
        12.2871      0.0474358
        12.3021      0.0482783
        12.3171      0.0492507
        12.3321      0.0503423
        12.3471      0.0515382
        12.3621      0.0528192
        12.3771      0.0541617
        12.3921      0.0555369
        12.4071      0.0569118
        12.4221      0.0582498
        12.4371      0.0595122
        12.4521      0.0606604
        12.4671      0.0616588
        12.4821      0.0624776
        12.4971      0.0630955
        12.5121      0.0635022
        12.5271      0.0636994
        12.5421      0.0637006
        12.5571        0.06353
        12.5721      0.0632202
        12.5871      0.0628088
        12.6021      0.0623353
        12.6171      0.0618381
        12.6321      0.0613519
        12.6471      0.0609055
        12.6621      0.0605203
        12.6771      0.0602095
        12.6921      0.0599778
        12.7071      0.0598209
        12.7221      0.0597263
        12.7371      0.0596733
        12.7521      0.0596345
        12.7671      0.0595775
        12.7821      0.0594662
        12.7971      0.0592644
        12.8121      0.0589377
        12.8271      0.0584574
        12.8421      0.0578024
        12.8571      0.0569617
        12.8721       0.055935
        12.8871      0.0547328
        12.9021      0.0533746
        12.9171      0.0518872
        12.9321       0.050302
        12.9471      0.0486522
        12.9621      0.0469706
        12.9771      0.0452877
        12.9921      0.0436305
        13.0071      0.0420217
        13.0221      0.0404797
        13.0371      0.0390187
        13.0521      0.0376489
        13.0671      0.0363772
        13.0821      0.0352077
        13.0971      0.0341421
        13.1121      0.0331802
        13.1271      0.0323199
        13.1421       0.031558
        13.1571      0.0308897
        13.1721      0.0303093
        13.1871      0.0298095
        13.2021      0.0293819
        13.2171      0.0290166
        13.2321      0.0287024
        13.2471      0.0284268
        13.2621      0.0281761
        13.2771      0.0279359
        13.2921      0.0276916
        13.3071      0.0274292
        13.3221       0.027136
        13.3371      0.0268016
        13.3521      0.0264187
        13.3671      0.0259837
        13.3821      0.0254964
        13.3971      0.0249605
        13.4121      0.0243825
        13.4271      0.0237715
        13.4421      0.0231377
        13.4571       0.022492
        13.4721      0.0218451
        13.4871      0.0212066
        13.5021      0.0205852
        13.5171      0.0199883
        13.5321      0.0194215
        13.5471      0.0188894
        13.5621      0.0183952
        13.5771      0.0179412
        13.5921      0.0175285
        13.6071      0.0171578
        13.6221      0.0168288
        13.6371      0.0165409
        13.6521      0.0162928
        13.6671      0.0160828
        13.6821      0.0159088
        13.6971      0.0157677
        13.7121      0.0156562
        13.7271      0.0155702
        13.7421      0.0155047
        13.7571      0.0154542
        13.7721      0.0154124
        13.7871      0.0153724
        13.8021      0.0153272
        13.8171      0.0152697
        13.8321      0.0151935
        13.8471      0.0150931
        13.8621      0.0149643
        13.8771      0.0148049
        13.8921      0.0146143
        13.9071      0.0143941
        13.9221      0.0141476
        13.9371      0.0138795
        13.9521      0.0135952
        13.9671      0.0133008
        13.9821      0.0130024
        13.9971      0.0127056
        14.0121      0.0124156
        14.0271       0.012137
        14.0421      0.0118732
        14.0571      0.0116275
        14.0721      0.0114019
        14.0871      0.0111982
        14.1021      0.0110174
        14.1171      0.0108603
        14.1321      0.0107272
        14.1471      0.0106179
        14.1621      0.0105321
        14.1771       0.010469
        14.1921      0.0104278
        14.2071      0.0104067
        14.2221      0.0104041
        14.2371      0.0104176
        14.2521      0.0104442
        14.2671      0.0104805
        14.2821      0.0105223
        14.2971      0.0105653
        14.3121      0.0106044
        14.3271      0.0106346
        14.3421      0.0106509
        14.3571      0.0106488
        14.3721      0.0106246
        14.3871      0.0105758
        14.4021      0.0105012
        14.4171      0.0104012
        14.4321      0.0102774
        14.4471      0.0101329
        14.4621     0.00997156
        14.4771     0.00979804
        14.4921      0.0096171
        14.5071     0.00943346
        14.5221     0.00925156
        14.5371     0.00907533
        14.5521     0.00890812
        14.5671      0.0087527
        14.5821     0.00861122
        14.5971     0.00848528
        14.6121     0.00837595
        14.6271     0.00828386
        14.6421     0.00820918
        14.6571     0.00815169
        14.6721     0.00811076
        14.6871     0.00808532
        14.7021      0.0080739
        14.7171     0.00807455
        14.7321     0.00808482
        14.7471     0.00810179
        14.7621     0.00812206
        14.7771     0.00814185
        14.7921     0.00815709
        14.8071     0.00816367
        14.8221     0.00815763
        14.8371     0.00813546
        14.8521     0.00809438
        14.8671      0.0080326
        14.8821     0.00794942
        14.8971     0.00784536
        14.9121     0.00772198
        14.9271     0.00758181
        14.9421       0.007428
        14.9571     0.00726413
        14.9721     0.00709384
        14.9871     0.00692069
        15.0021      0.0067479
        15.0171     0.00657832
        15.0321     0.00641431
        15.0471     0.00625778
        15.0621      0.0061102
        15.0771     0.00597263
        15.0921     0.00584579
        15.1071     0.00573012
        15.1221     0.00562579
        15.1371     0.00553277
        15.1521     0.00545085
        15.1671     0.00537966
        15.1821     0.00531866
        15.1971     0.00526713
        15.2121      0.0052242
        15.2271      0.0051888
        15.2421     0.00515968
        15.2571     0.00513538
        15.2721     0.00511427
        15.2871     0.00509457
        15.3021     0.00507441
        15.3171     0.00505192
        15.3321     0.00502532
        15.3471     0.00499308
        15.3621     0.00495399
        15.3771      0.0049073
        15.3921     0.00485274
        15.4071     0.00479057
        15.4221     0.00472149
        15.4371     0.00464661
        15.4521      0.0045673
        15.4671     0.00448506
        15.4821     0.00440147
        15.4971       0.004318
        15.5121     0.00423602
        15.5271     0.00415672
        15.5421     0.00408109
        15.5571     0.00400994
        15.5721      0.0039439
        15.5871     0.00388345
        15.6021     0.00382892
        15.6171     0.00378057
        15.6321     0.00373855
        15.6471     0.00370295
        15.6621     0.00367381
        15.6771     0.00365111
        15.6921     0.00363483
        15.7071     0.00362486
        15.7221     0.00362107
        15.7371     0.00362328
        15.7521     0.00363122
        15.7671     0.00364453
        15.7821     0.00366274
        15.7971     0.00368524
        15.8121     0.00371126
        15.8271     0.00373984
        15.8421     0.00376986
        15.8571         0.0038
        15.8721     0.00382881
        15.8871     0.00385474
        15.9021     0.00387622
        15.9171      0.0038918
        15.9321     0.00390022
        15.9471     0.00390051
        15.9621     0.00389217
        15.9771      0.0038751
        15.9921     0.00384972
        16.0071     0.00381688
        16.0221     0.00377776
        16.0371     0.00373382
        16.0521     0.00368664
        16.0671     0.00363782
        16.0821      0.0035889
        16.0971     0.00354128
        16.1121     0.00349619
        16.1271     0.00345466
        16.1421     0.00341751
        16.1571     0.00338537
        16.1721     0.00335869
        16.1871     0.00333776
        16.2021      0.0033227
        16.2171     0.00331346
        16.2321     0.00330988
        16.2471     0.00331159
        16.2621     0.00331809
        16.2771     0.00332868
        16.2921     0.00334249
        16.3071     0.00335845
        16.3221     0.00337529
        16.3371     0.00339161
        16.3521      0.0034059
        16.3671      0.0034166
        16.3821     0.00342223
        16.3971     0.00342144
        16.4121     0.00341319
        16.4271     0.00339678
        16.4421     0.00337196
        16.4571     0.00333892
        16.4721     0.00329827
        16.4871     0.00325097
        16.5021     0.00319826
        16.5171     0.00314153
        16.5321     0.00308221
        16.5471     0.00302169
        16.5621     0.00296125
        16.5771     0.00290201
        16.5921     0.00284492
        16.6071     0.00279075
        16.6221     0.00274011
        16.6371     0.00269344
        16.6521     0.00265106
        16.6671     0.00261316
        16.6821     0.00257986
        16.6971     0.00255119
        16.7121     0.00252709
        16.7271     0.00250746
        16.7421     0.00249212
        16.7571     0.00248083
        16.7721     0.00247327
        16.7871     0.00246905
        16.8021     0.00246766
        16.8171     0.00246854
        16.8321     0.00247099
        16.8471     0.00247424
        16.8621     0.00247744
        16.8771      0.0024797
        16.8921     0.00248013
        16.9071     0.00247789
        16.9221     0.00247227
        16.9371     0.00246272
        16.9521     0.00244892
        16.9671     0.00243081
        16.9821     0.00240858
        16.9971     0.00238264
        17.0121     0.00235361
        17.0271     0.00232221
        17.0421     0.00228925
        17.0571     0.00225556
        17.0721     0.00222191
        17.0871     0.00218901
        17.1021     0.00215748
        17.1171     0.00212785
        17.1321     0.00210052
        17.1471     0.00207584
        17.1621     0.00205404
        17.1771      0.0020353
        17.1921     0.00201971
        17.2071     0.00200732
        17.2221     0.00199812
        17.2371     0.00199206
        17.2521     0.00198902
        17.2671     0.00198882
        17.2821     0.00199123
        17.2971     0.00199593
        17.3121     0.00200253
        17.3271     0.00201054
        17.3421     0.00201939
        17.3571     0.00202842
        17.3721     0.00203689
        17.3871     0.00204405
        17.4021     0.00204911
        17.4171     0.00205136
        17.4321     0.00205016
        17.4471     0.00204505
        17.4621     0.00203576
        17.4771     0.00202223
        17.4921     0.00200463
        17.5071     0.00198335
        17.5221     0.00195892
        17.5371       0.001932
        17.5521     0.00190331
        17.5671     0.00187359
        17.5821     0.00184351
        17.5971     0.00181371
        17.6121     0.00178473
        17.6271     0.00175704
        17.6421     0.00173102
        17.6571     0.00170694
        17.6721     0.00168504
        17.6871     0.00166548
        17.7021     0.00164836
        17.7171     0.00163378
        17.7321     0.00162178
        17.7471     0.00161237
        17.7621     0.00160558
        17.7771     0.00160137
        17.7921     0.00159973
        17.8071     0.00160061
        17.8221     0.00160392
        17.8371     0.00160958
        17.8521     0.00161743
        17.8671      0.0016273
        17.8821     0.00163893
        17.8971     0.00165201
        17.9121     0.00166616
        17.9271     0.00168091
        17.9421     0.00169572
        17.9571     0.00170998
        17.9721     0.00172304
        17.9871     0.00173423
        18.0021     0.00174291
        18.0171     0.00174852
        18.0321     0.00175063
        18.0471     0.00174898
        18.0621     0.00174348
        18.0771     0.00173428
        18.0921     0.00172169
        18.1071     0.00170618
        18.1221     0.00168836
        18.1371     0.00166889
        18.1521     0.00164845
        18.1671     0.00162768
        18.1821     0.00160719
        18.1971     0.00158751
        18.2121     0.00156907
        18.2271     0.00155223
        18.2421     0.00153724
        18.2571     0.00152429
        18.2721     0.00151348
        18.2871     0.00150483
        18.3021      0.0014983
        18.3171     0.00149377
        18.3321     0.00149106
        18.3471     0.00148992
        18.3621        0.00149
        18.3771     0.00149092
        18.3921     0.00149222
        18.4071      0.0014934
        18.4221     0.00149392
        18.4371     0.00149324
        18.4521     0.00149087
        18.4671     0.00148639
        18.4821     0.00147946
        18.4971     0.00146991
        18.5121     0.00145769
        18.5271     0.00144292
        18.5421     0.00142586
        18.5571     0.00140684
        18.5721      0.0013863
        18.5871     0.00136471
        18.6021     0.00134253
        18.6171     0.00132021
        18.6321     0.00129813
        18.6471     0.00127665
        18.6621     0.00125606
        18.6771     0.00123657
        18.6921     0.00121836
        18.7071     0.00120157
        18.7221     0.00118628
        18.7371     0.00117256
        18.7521     0.00116044
        18.7671     0.00114993
        18.7821     0.00114106
        18.7971      0.0011338
        18.8121     0.00112815
        18.8271     0.00112408
        18.8421     0.00112158
        18.8571     0.00112059
        18.8721     0.00112108
        18.8871     0.00112298
        18.9021     0.00112621
        18.9171     0.00113066
        18.9321      0.0011362
        18.9471     0.00114267
        18.9621     0.00114985
        18.9771     0.00115752
        18.9921     0.00116539
        19.0071     0.00117316
        19.0221     0.00118052
        19.0371     0.00118714
        19.0521     0.00119273
        19.0671     0.00119706
        19.0821     0.00119994
        19.0971     0.00120131
        19.1121     0.00120117
        19.1271     0.00119967
        19.1421       0.001197
        19.1571     0.00119346
        19.1721     0.00118938
        19.1871     0.00118513
        19.2021     0.00118106
        19.2171     0.00117752
        19.2321      0.0011748
        19.2471     0.00117317
        19.2621     0.00117285
        19.2771     0.00117397
        19.2921     0.00117663
        19.3071     0.00118087
        19.3221     0.00118664
        19.3371     0.00119384
        19.3521     0.00120231
        19.3671     0.00121178
        19.3821     0.00122193
        19.3971     0.00123235
        19.4121     0.00124255
        19.4271       0.001252
        19.4421     0.00126012
        19.4571     0.00126632
        19.4721     0.00127007
        19.4871     0.00127088
        19.5021      0.0012684
        19.5171     0.00126243
        19.5321     0.00125293
        19.5471     0.00124003
        19.5621     0.00122402
        19.5771     0.00120531
        19.5921      0.0011844
        19.6071     0.00116183
        19.6221     0.00113815
        19.6371     0.00111386
        19.6521     0.00108944
        19.6671     0.00106529
        19.6821     0.00104173
        19.6971     0.00101902
        19.7121    0.000997369
        19.7271    0.000976905
        19.7421     0.00095772
        19.7571    0.000939863
        19.7721    0.000923351
        19.7871    0.000908172
        19.8021    0.000894293
        19.8171    0.000881662
        19.8321     0.00087021
        19.8471    0.000859852
        19.8621    0.000850488
        19.8771    0.000842004
        19.8921     0.00083427
        19.9071    0.000827144
        19.9221    0.000820471
        19.9371     0.00081409
        19.9521    0.000807837
        19.9671    0.000801555
        19.9821    0.000795102
        19.9971    0.000788357
        20.0121    0.000781233
        20.0271     0.00077368
        20.0421    0.000765687
        20.0571    0.000757279
        20.0721    0.000748516
        20.0871    0.000739479
        20.1021    0.000730268
        20.1171    0.000720986
        20.1321    0.000711737
        20.1471    0.000702616
        20.1621    0.000693707
        20.1771     0.00068508
        20.1921    0.000676791
        20.2071    0.000668883
        20.2221    0.000661387
        20.2371    0.000654322
        20.2521    0.000647703
        20.2671    0.000641533
        20.2821    0.000635816
        20.2971    0.000630548
        20.3121    0.000625725
        20.3271    0.000621341
        20.3421    0.000617388
        20.3571    0.000613858
        20.3721    0.000610743
        20.3871    0.000608034
        20.4021     0.00060572
        20.4171    0.000603789
        20.4321    0.000602226
        20.4471    0.000601012
        20.4621    0.000600125
        20.4771    0.000599533
        20.4921    0.000599201
        20.5071    0.000599081
        20.5221    0.000599117
        20.5371    0.000599244
        20.5521    0.000599385
        20.5671    0.000599456
        20.5821    0.000599369
        20.5971    0.000599035
        20.6121    0.000598373
        20.6271     0.00059731
        20.6421    0.000595797
        20.6571    0.000593804
        20.6721    0.000591329
        20.6871    0.000588396
        20.7021    0.000585054
        20.7171    0.000581369
        20.7321    0.000577421
        20.7471    0.000573298
        20.7621    0.000569088
        20.7771    0.000564875
        20.7921    0.000560733
        20.8071     0.00055673
        20.8221    0.000552921
        20.8371    0.000549351
        20.8521    0.000546055
        20.8671    0.000543061
        20.8821    0.000540385
        20.8971    0.000538041
        20.9121    0.000536034
        20.9271    0.000534365
        20.9421    0.000533027
        20.9571    0.000532009
        20.9721    0.000531296
        20.9871    0.000530861
        21.0021    0.000530673
        21.0171    0.000530692
        21.0321    0.000530866
        21.0471    0.000531136
        21.0621    0.000531433
        21.0771     0.00053168
        21.0921    0.000531795
        21.1071    0.000531696
        21.1221    0.000531306
        21.1371    0.000530555
        21.1521    0.000529394
        21.1671    0.000527791
        21.1821     0.00052574
        21.1971    0.000523258
        21.2121    0.000520384
        21.2271    0.000517177
        21.2421    0.000513707
        21.2571    0.000510053
        21.2721    0.000506294
        21.2871    0.000502505
        21.3021    0.000498757
        21.3171     0.00049511
        21.3321    0.000491615
        21.3471    0.000488314
        21.3621    0.000485237
        21.3771    0.000482409
        21.3921    0.000479847
        21.4071    0.000477558
        21.4221    0.000475549
        21.4371    0.000473816
        21.4521    0.000472353
        21.4671    0.000471149
        21.4821    0.000470185
        21.4971    0.000469438
        21.5121    0.000468877
        21.5271    0.000468465
        21.5421    0.000468157
        21.5571      0.0004679
        21.5721    0.000467637
        21.5871    0.000467305
        21.6021     0.00046684
        21.6171     0.00046618
        21.6321    0.000465271
        21.6471    0.000464069
        21.6621    0.000462544
